004096409_00994.jpg,350,1124,2925,1108,2949,3475,382,3475,SINGLE
004096409_00093.jpg,430,1522,2798,1506,2710,3316,406,3228,SINGLE
004096409_00138.jpg,462,1124,2997,1148,2973,3428,406,3404,SINGLE
004096409_00193.jpg,422,1060,3037,1052,3029,3388,422,3412,SINGLE
004096409_00678.jpg,430,1203,2989,1187,3037,3515,486,3523,SINGLE
004096409_00986.jpg,366,1100,2949,1092,2973,3452,374,3467,SINGLE
004096409_00604.jpg,366,1100,2933,1092,2941,3420,382,3436,SINGLE
004096409_00969.jpg,398,1116,2941,1124,2949,3459,398,3467,SINGLE
004096409_00262.jpg,430,1084,2973,1092,2973,3412,454,3412,SINGLE
004096409_00997.jpg,374,1124,2925,1132,2917,3467,390,3475,SINGLE
004096409_00134.jpg,454,1108,3005,1124,2981,3467,406,3428,SINGLE
004096409_00067.jpg,462,1136,3028,1160,2963,3482,454,3466,SINGLE
004096409_00065.jpg,465,1083,3008,1123,2976,3473,433,3433,SINGLE
004096409_00299.jpg,406,1108,2981,1132,2981,3467,406,3467,SINGLE
004096409_00205.jpg,409,1075,3000,1067,3000,3433,433,3417,SINGLE
004096409_00643.jpg,438,1179,3005,1171,2997,3547,422,3555,SINGLE
004096409_00199.jpg,414,1634,2822,1650,2790,3372,414,3340,SINGLE
004096409_00175.jpg,470,1140,2997,1116,3005,3436,478,3452,SINGLE
004096409_00534.jpg,374,1028,2862,1012,2885,3324,382,3332,SINGLE
004096409_00270.jpg,430,1666,2806,1658,2814,3364,446,3364,SINGLE
004096409_00436.jpg,422,1068,2989,1108,2981,3444,438,3444,SINGLE
004096409_00346.jpg,398,1116,3005,1108,2981,3420,430,3444,SINGLE
004096409_00405.jpg,382,1586,2750,1610,2726,3348,382,3284,SINGLE
004096409_00677.jpg,398,1179,2973,1179,3013,3531,486,3531,SINGLE
004096409_00912.jpg,374,1068,2909,1052,2933,3412,398,3420,SINGLE
004096409_00694.jpg,411,1184,2969,1201,2977,3520,460,3512,SINGLE
004096409_00273.jpg,425,1652,2784,1652,2800,3401,409,3425,SINGLE
004096409_00878.jpg,326,1084,2917,1068,2933,3396,382,3436,SINGLE
004096409_00921.jpg,350,1068,2901,1076,2893,3444,318,3388,SINGLE
004096409_00012.jpg,462,1626,2885,1682,2830,3412,494,3332,SINGLE
004096409_00811.jpg,373,1088,2916,1088,2940,3449,381,3433,SINGLE
004096409_00818.jpg,390,1116,2925,1092,2965,3428,422,3459,SINGLE
004096409_00700.jpg,414,1203,2965,1203,2973,3515,470,3515,SINGLE
004096409_00421.jpg,430,1060,2989,1124,2965,3475,366,3420,SINGLE
004096409_00817.jpg,358,1108,2925,1100,2949,3420,398,3467,SINGLE
004096409_00768.jpg,438,1132,2965,1124,2973,3483,422,3467,SINGLE
004096409_00542.jpg,374,1060,2909,1052,2933,3388,406,3412,SINGLE
004096409_00393.jpg,374,1171,2941,1132,2989,3428,438,3499,SINGLE
004096409_00603.jpg,366,1108,2917,1076,2925,3420,398,3459,SINGLE
004096409_00274.jpg,430,1100,2997,1148,2965,3475,422,3452,SINGLE
004096409_00908.jpg,350,1092,2893,1060,2917,3412,382,3436,SINGLE
004096409_00035.jpg,421,1120,2980,1064,3036,3393,484,3433,SINGLE
004096409_00665.jpg,413,1200,2980,1168,3020,3504,492,3528,SINGLE
004096409_00255.jpg,427,1102,2953,1085,2920,3389,460,3397,SINGLE
004096409_00923.jpg,358,1052,2909,1084,2893,3428,326,3404,SINGLE
004096409_00563.jpg,382,1610,2758,1594,2766,3332,398,3324,SINGLE
004096409_00753.jpg,422,1148,2965,1148,2973,3475,430,3475,SINGLE
004096409_00919.jpg,374,1076,2917,1092,2901,3436,334,3412,SINGLE
004096409_00999.jpg,366,1108,2957,1116,2973,3467,406,3452,SINGLE
004096409_00410.jpg,406,1650,2806,1722,2742,3452,390,3356,SINGLE
004096409_00018.jpg,438,1116,3013,1084,3045,3412,486,3452,SINGLE
004096409_00751.jpg,398,1132,2941,1140,2965,3475,462,3475,SINGLE
004096409_00968.jpg,422,1124,2933,1092,2981,3459,438,3491,SINGLE
004096409_00174.jpg,470,1116,3005,1100,3013,3436,446,3452,SINGLE
004096409_00096.jpg,438,1076,2965,1092,2941,3404,430,3388,SINGLE
004096409_00856.jpg,366,1155,2917,1124,2957,3459,406,3499,SINGLE
004096409_00427.jpg,422,1084,2981,1068,2997,3428,430,3444,SINGLE
004096409_00949.jpg,342,1148,2917,1116,2949,3459,374,3515,SINGLE
004096409_00452.jpg,390,1100,2989,1100,2973,3428,422,3420,SINGLE
004096409_00598.jpg,350,1108,2925,1084,2949,3404,382,3436,SINGLE
004096409_00871.jpg,302,1084,2878,1060,2901,3412,374,3452,SINGLE
004096409_00620.jpg,361,1118,2920,1102,2944,3405,386,3430,SINGLE
004096409_00208.jpg,422,1610,2798,1626,2790,3380,454,3348,SINGLE
004096409_00131.jpg,460,1112,3012,1128,2980,3465,437,3417,SINGLE
004096409_00756.jpg,398,1140,2949,1132,2965,3467,430,3467,SINGLE
004096409_00874.jpg,326,1092,2893,1052,2917,3412,382,3444,SINGLE
004096409_00880.jpg,311,1079,2887,1111,2879,3439,343,3431,SINGLE
004096409_00569.jpg,414,1618,2750,1634,2726,3356,446,3340,SINGLE
004096409_00414.jpg,406,1586,2766,1642,2726,3356,398,3316,SINGLE
004096409_00318.jpg,414,1116,2973,1132,2949,3467,422,3452,SINGLE
004096409_00466.jpg,406,1076,2973,1092,2957,3412,414,3428,SINGLE
004096409_00636.jpg,374,1060,2933,1052,2957,3372,422,3396,SINGLE
004096409_00720.jpg,414,1203,2981,1219,2965,3539,454,3531,SINGLE
004096409_00726.jpg,417,1195,2984,1203,2968,3530,425,3514,SINGLE
004096409_00541.jpg,370,1077,2920,1077,2920,3405,394,3430,SINGLE
004096409_00495.jpg,454,1076,2973,1092,2957,3428,430,3404,SINGLE
004096409_00992.jpg,383,1127,2967,1143,2959,3479,383,3471,SINGLE
004096409_00097.jpg,422,1068,2965,1092,2957,3404,422,3380,SINGLE
004096409_00629.jpg,390,1076,2965,1124,2917,3436,374,3396,SINGLE
004096409_00554.jpg,374,1060,2925,1060,2957,3388,430,3412,SINGLE
004096409_00537.jpg,366,1004,2893,980,2909,3292,422,3324,SINGLE
004096409_00600.jpg,342,1108,2901,1068,2917,3428,390,3436,SINGLE
004096409_00113.jpg,414,1084,2933,1076,2957,3388,398,3372,SINGLE
004096409_00835.jpg,389,1096,2932,1096,2956,3425,437,3449,SINGLE
004096409_00672.jpg,430,1155,3013,1235,2965,3547,438,3523,SINGLE
004096409_00016.jpg,413,1112,3012,1080,3043,3425,492,3441,SINGLE
004096409_00291.jpg,421,1088,2996,1112,2980,3409,429,3449,SINGLE
004096409_00959.jpg,390,1092,2941,1108,2941,3467,390,3444,SINGLE
004096409_00595.jpg,350,1100,2917,1076,2941,3404,390,3444,SINGLE
004096409_00983.jpg,358,1092,2949,1108,2949,3436,398,3428,SINGLE
004096409_00984.jpg,414,1706,2774,1737,2766,3436,430,3412,SINGLE
004096409_00223.jpg,407,1087,2991,1087,2967,3415,423,3423,SINGLE
004096409_00583.jpg,342,1092,2925,1036,2965,3372,406,3436,SINGLE
004096409_00808.jpg,382,1100,2917,1100,2901,3459,374,3452,SINGLE
004096409_00566.jpg,390,1060,2925,1052,2941,3380,430,3420,SINGLE
004096409_00020.jpg,438,1132,2997,1100,3021,3420,486,3444,SINGLE
004096409_00975.jpg,363,1130,2898,1106,2922,3455,387,3471,SINGLE
004096409_00582.jpg,342,1084,2925,1044,2965,3364,414,3428,SINGLE
004096409_00063.jpg,446,1068,3021,1108,2997,3467,398,3412,SINGLE
004096409_00579.jpg,334,1084,2917,1044,2941,3348,390,3444,SINGLE
004096409_00053.jpg,470,1132,3005,1116,3021,3436,510,3467,SINGLE
004096409_00544.jpg,374,1084,2901,1044,2901,3420,398,3412,SINGLE
004096409_00029.jpg,421,1120,3004,1064,3043,3401,476,3441,SINGLE
004096409_00836.jpg,397,1080,2932,1072,2964,3409,445,3425,SINGLE
004096409_00798.jpg,374,1108,2933,1108,2957,3459,390,3459,SINGLE
004096409_00703.jpg,415,1199,2983,1199,2983,3527,455,3527,SINGLE
004096409_00010.jpg,468,1088,3012,1057,3020,3409,516,3393,SINGLE
004096409_00327.jpg,406,1100,2981,1132,2933,3467,430,3444,SINGLE
004096409_00415.jpg,374,1044,2989,1084,2957,3459,374,3388,SINGLE
004096409_00444.jpg,423,1071,2999,1103,2975,3431,415,3423,SINGLE
004096409_00406.jpg,398,1052,2981,1100,2949,3475,366,3420,SINGLE
004096409_00186.jpg,422,1068,3013,1068,3013,3436,422,3412,SINGLE
004096409_00377.jpg,358,1155,2949,1100,2989,3444,430,3507,SINGLE
004096409_00743.jpg,414,1155,2973,1140,2989,3475,438,3475,SINGLE
004096409_00777.jpg,398,1068,2989,1108,2981,3452,398,3459,SINGLE
004096409_00651.jpg,446,1187,2957,1163,2981,3531,454,3547,SINGLE
004096409_00197.jpg,398,1626,2798,1642,2782,3340,414,3372,SINGLE
004096409_00030.jpg,413,1088,2972,1064,2996,3393,476,3425,SINGLE
004096409_00048.jpg,421,1088,2988,1057,3020,3409,492,3433,SINGLE
004096409_00344.jpg,382,1092,2973,1092,2997,3420,430,3428,SINGLE
004096409_00964.jpg,419,1130,2963,1098,3019,3439,452,3487,SINGLE
004096409_00239.jpg,406,1068,2965,1076,2949,3388,446,3420,SINGLE
004096409_00320.jpg,390,1116,2949,1116,2941,3475,406,3467,SINGLE
004096409_00210.jpg,419,1077,2986,1085,2953,3422,444,3422,SINGLE
004096409_00846.jpg,361,1668,2727,1660,2743,3377,377,3369,SINGLE
004096409_00450.jpg,414,1076,2989,1092,2949,3436,414,3428,SINGLE
004096409_00991.jpg,366,1124,2949,1124,2957,3475,382,3459,SINGLE
004096409_00631.jpg,390,1084,2941,1084,2925,3404,406,3404,SINGLE
004096409_00614.jpg,374,1116,2949,1084,2949,3412,398,3444,SINGLE
004096409_00712.jpg,422,1195,2997,1211,2989,3523,438,3539,SINGLE
004096409_00040.jpg,397,1096,2964,1033,3004,3377,492,3441,SINGLE
004096409_00275.jpg,399,1087,2975,1127,2943,3479,391,3455,SINGLE
004096409_00894.jpg,318,1076,2885,1076,2901,3436,342,3420,SINGLE
004096409_00123.jpg,430,1076,2965,1044,2997,3356,462,3412,SINGLE
004096409_00104.jpg,438,1060,2973,1084,2917,3404,446,3364,SINGLE
004096409_00724.jpg,419,1225,2977,1225,2961,3537,427,3520,SINGLE
004096409_00869.jpg,318,1084,2893,1084,2933,3412,374,3452,SINGLE
004096409_00634.jpg,398,1084,2878,1076,2901,3404,406,3436,SINGLE
004096409_00637.jpg,398,1698,2822,1682,2830,3412,438,3459,SINGLE
004096409_00167.jpg,462,1132,3013,1124,3013,3444,414,3452,SINGLE
004096409_00206.jpg,422,1658,2798,1618,2838,3332,422,3372,SINGLE
004096409_00351.jpg,397,1661,2543,1724,2503,3449,437,3401,SINGLE
004096409_00342.jpg,406,1108,2965,1100,2965,3436,414,3444,SINGLE
004096409_00937.jpg,358,1100,2901,1060,2941,3364,390,3444,SINGLE
004096409_00690.jpg,422,1203,2981,1179,2965,3523,454,3515,SINGLE
004096409_00916.jpg,358,1060,2909,1084,2901,3428,342,3420,SINGLE
004096409_00383.jpg,350,1132,2925,1116,2997,3412,414,3475,SINGLE
004096409_00289.jpg,422,1108,2973,1108,2981,3428,446,3459,SINGLE
004096409_00813.jpg,370,1094,2937,1102,2946,3437,394,3453,SINGLE
004096409_00830.jpg,374,1116,2925,1084,2949,3420,430,3444,SINGLE
004096409_00314.jpg,421,1080,2956,1096,2932,3433,453,3441,SINGLE
004096409_00329.jpg,398,1100,2949,1100,2933,3444,406,3452,SINGLE
004096409_00936.jpg,358,1084,2901,1044,2957,3380,390,3412,SINGLE
004096409_00618.jpg,374,1124,2925,1092,2949,3412,406,3444,SINGLE
004096409_00118.jpg,429,1088,2948,1025,2996,3330,468,3393,SINGLE
004096409_00833.jpg,411,1110,2953,1077,2961,3422,427,3463,SINGLE
004096409_00009.jpg,405,1072,3020,1017,3004,3361,460,3409,SINGLE
004096409_00606.jpg,362,1102,2929,1062,2937,3412,386,3437,SINGLE
004096409_00161.jpg,446,1124,3013,1124,2997,3444,454,3412,SINGLE
004096409_00232.jpg,398,1076,2981,1076,2965,3396,422,3396,SINGLE
004096409_00305.jpg,374,1108,2965,1108,2941,3452,406,3444,SINGLE
004096409_00261.jpg,422,1084,2973,1076,2973,3404,486,3420,SINGLE
004096409_00266.jpg,430,1650,2806,1634,2766,3340,486,3324,SINGLE
004096409_00448.jpg,430,1084,2997,1100,2949,3444,414,3404,SINGLE
004096409_00371.jpg,374,1148,2973,1132,2981,3436,438,3491,SINGLE
004096409_00958.jpg,414,1769,2798,1737,2830,3452,478,3507,SINGLE
004096409_00044.jpg,414,1124,2989,1084,3029,3404,470,3459,SINGLE
004096409_00697.jpg,410,1207,2978,1199,2978,3533,458,3501,SINGLE
004096409_00809.jpg,382,1108,2941,1100,2941,3467,374,3452,SINGLE
004096409_00182.jpg,462,1148,3005,1124,2981,3428,422,3436,SINGLE
004096409_00006.jpg,406,1203,2838,1227,2846,2686,382,2654,SINGLE
004096409_00222.jpg,398,1084,2965,1060,2997,3396,446,3420,SINGLE
004096409_00499.jpg,390,1020,2949,1020,2949,3340,398,3348,SINGLE
004096409_00577.jpg,334,1084,2909,1068,2949,3388,414,3428,SINGLE
004096409_00170.jpg,470,1124,3013,1116,3013,3475,462,3428,SINGLE
004096409_00613.jpg,366,1100,2933,1084,2941,3404,398,3452,SINGLE
004096409_00122.jpg,430,1642,2806,1602,2814,3308,454,3316,SINGLE
004096409_00201.jpg,413,1085,2997,1085,2972,3426,413,3410,SINGLE
004096409_00127.jpg,462,1124,2981,1140,2973,3452,430,3444,SINGLE
004096409_00683.jpg,438,1179,2981,1163,3013,3507,494,3507,SINGLE
004096409_00247.jpg,406,1100,2981,1076,2957,3388,422,3396,SINGLE
004096409_00243.jpg,390,1076,2965,1084,2941,3388,438,3356,SINGLE
004096409_00704.jpg,390,1187,2957,1179,2973,3523,462,3515,SINGLE
004096409_00129.jpg,458,1110,3002,1134,2986,3461,418,3453,SINGLE
004096409_00865.jpg,302,1076,2885,1060,2909,3420,334,3436,SINGLE
004096409_00924.jpg,382,1084,2917,1108,2893,3436,342,3404,SINGLE
004096409_00948.jpg,350,1132,2925,1100,2973,3475,406,3499,SINGLE
004096409_00140.jpg,446,1116,2997,1132,2973,3436,422,3436,SINGLE
004096409_00667.jpg,398,1203,2981,1179,3021,3515,502,3547,SINGLE
004096409_00479.jpg,435,1085,2961,1102,2944,3438,435,3413,SINGLE
004096409_00279.jpg,414,1100,2997,1155,2965,3452,390,3420,SINGLE
004096409_00163.jpg,486,1148,3005,1124,2997,3420,422,3459,SINGLE
004096409_00691.jpg,414,1171,2965,1187,2965,3523,470,3499,SINGLE
004096409_00213.jpg,422,1076,2981,1076,3005,3412,470,3412,SINGLE
004096409_00892.jpg,334,1076,2925,1100,2909,3420,358,3388,SINGLE
004096409_00506.jpg,366,1020,2941,1012,2941,3340,398,3356,SINGLE
004096409_00616.jpg,373,1112,2924,1080,2948,3393,381,3433,SINGLE
004096409_00946.jpg,382,1155,2917,1100,2997,3467,430,3539,SINGLE
004096409_00718.jpg,414,1179,2989,1203,2989,3523,446,3531,SINGLE
004096409_00328.jpg,406,1124,2997,1132,2965,3436,430,3444,SINGLE
004096409_00581.jpg,358,1076,2933,1060,2949,3380,422,3412,SINGLE
004096409_00234.jpg,389,1041,2964,1064,2980,3377,421,3393,SINGLE
004096409_00932.jpg,357,1088,2900,1057,2940,3393,365,3409,SINGLE
004096409_00826.jpg,398,1124,2949,1092,2973,3420,430,3459,SINGLE
004096409_00115.jpg,422,1076,2925,1068,2933,3372,390,3396,SINGLE
004096409_00591.jpg,358,1108,2933,1084,2949,3404,390,3452,SINGLE
004096409_00357.jpg,382,1666,2750,1650,2766,3372,414,3380,SINGLE
004096409_00242.jpg,414,1562,2790,1602,2782,3292,438,3292,SINGLE
004096409_00653.jpg,460,1192,2988,1152,3028,3520,468,3520,SINGLE
004096409_00863.jpg,310,1068,2901,1084,2909,3436,334,3428,SINGLE
004096409_00945.jpg,353,1686,2780,1686,2772,3471,411,3471,SINGLE
004096409_00400.jpg,414,1060,2989,1076,2989,3436,414,3412,SINGLE
004096409_00387.jpg,366,1155,2957,1132,2989,3436,446,3491,SINGLE
004096409_00335.jpg,414,1132,2973,1108,2997,3420,430,3467,SINGLE
004096409_00420.jpg,422,1594,2782,1761,2702,3444,398,3316,SINGLE
004096409_00454.jpg,422,1092,2989,1092,2957,3436,422,3436,SINGLE
004096409_00417.jpg,414,1060,2997,1100,2973,3467,390,3444,SINGLE
004096409_00529.jpg,342,1586,2686,1562,2718,3268,382,3292,SINGLE
004096409_00313.jpg,418,1658,2825,1754,2760,3445,426,3380,SINGLE
004096409_00654.jpg,446,1179,3005,1163,3029,3539,446,3539,SINGLE
004096409_00374.jpg,374,1132,2965,1100,2989,3412,414,3483,SINGLE
004096409_00379.jpg,390,1753,2766,1737,2774,3428,430,3467,SINGLE
004096409_00109.jpg,401,1091,2936,1083,2952,3385,409,3393,SINGLE
004096409_00772.jpg,377,1099,2968,1107,2976,3457,385,3457,SINGLE
004096409_00854.jpg,366,1163,2925,1124,2965,3459,422,3483,SINGLE
004096409_00369.jpg,387,1687,2769,1655,2785,3342,427,3374,SINGLE
004096409_00204.jpg,413,1049,3004,1064,2988,3409,445,3401,SINGLE
004096409_00608.jpg,366,1100,2941,1076,2949,3420,406,3444,SINGLE
004096409_00692.jpg,422,1179,2973,1187,2965,3523,454,3507,SINGLE
004096409_00759.jpg,406,1163,2957,1132,2957,3452,446,3483,SINGLE
004096409_00349.jpg,361,1135,2928,1077,2969,3372,419,3446,SINGLE
004096409_00933.jpg,365,1080,2900,1041,2940,3369,389,3433,SINGLE
004096409_00976.jpg,406,1124,2941,1108,2981,3436,430,3483,SINGLE
004096409_00626.jpg,366,1124,2925,1068,2941,3396,406,3444,SINGLE
004096409_00395.jpg,381,1112,2908,1112,2924,3417,429,3449,SINGLE
004096409_00548.jpg,390,1060,2949,1052,2957,3388,406,3428,SINGLE
004096409_00051.jpg,446,1690,2838,1666,2822,3364,494,3388,SINGLE
004096409_00153.jpg,558,1116,2973,1124,2989,3420,422,3428,SINGLE
004096409_00951.jpg,374,1155,2933,1116,2989,3483,414,3515,SINGLE
004096409_00527.jpg,350,1052,2885,996,2925,3332,398,3380,SINGLE
004096409_00114.jpg,414,1076,2957,1068,2965,3380,398,3372,SINGLE
004096409_00338.jpg,414,1642,2782,1650,2726,3372,414,3348,SINGLE
004096409_00156.jpg,438,1658,2814,1706,2766,3412,414,3356,SINGLE
004096409_00192.jpg,406,1060,2965,1068,2957,3396,438,3396,SINGLE
004096409_00382.jpg,369,1732,2751,1684,2775,3377,441,3409,SINGLE
004096409_00789.jpg,398,1116,2965,1108,2989,3467,430,3475,SINGLE
004096409_00602.jpg,350,1116,2933,1076,2941,3436,390,3452,SINGLE
004096409_00147.jpg,430,1682,2822,1753,2766,3452,438,3388,SINGLE
004096409_00664.jpg,430,1219,2997,1179,3045,3523,486,3547,SINGLE
004096409_00675.jpg,422,1179,2973,1179,2997,3531,478,3531,SINGLE
004096409_00101.jpg,414,1044,2973,1076,2973,3404,430,3372,SINGLE
004096409_00173.jpg,468,1143,2994,1126,3002,3496,460,3454,SINGLE
004096409_00782.jpg,374,1100,2957,1116,2957,3459,390,3452,SINGLE
004096409_00107.jpg,460,1064,2980,1072,2964,3393,429,3385,SINGLE
004096409_00183.jpg,471,1151,2975,1143,2911,3463,423,3415,SINGLE
004096409_00522.jpg,374,1028,2925,1012,2949,3356,398,3372,SINGLE
004096409_00670.jpg,414,1219,2933,1171,2989,3515,494,3547,SINGLE
004096409_00587.jpg,342,1092,2878,1036,2957,3364,406,3436,SINGLE
004096409_00666.jpg,414,1227,2925,1179,2973,3531,502,3555,SINGLE
004096409_00225.jpg,430,1084,2973,1084,2973,3396,438,3420,SINGLE
004096409_00736.jpg,390,1148,2941,1132,2965,3499,406,3491,SINGLE
004096409_00207.jpg,414,1084,2989,1076,2989,3436,454,3436,SINGLE
004096409_00898.jpg,320,1067,2912,1075,2944,3433,393,3433,SINGLE
004096409_00998.jpg,358,1140,2925,1132,2941,3467,398,3467,SINGLE
004096409_00363.jpg,382,1155,2957,1116,2989,3459,422,3491,SINGLE
004096409_00119.jpg,414,1092,2965,1028,3013,3372,478,3396,SINGLE
004096409_00084.jpg,439,1055,2975,1071,2903,3399,447,3375,SINGLE
004096409_00605.jpg,349,1080,2924,1080,2948,3401,397,3425,SINGLE
004096409_00848.jpg,342,1155,2917,1140,2949,3475,390,3483,SINGLE
004096409_00025.jpg,437,1112,2996,1057,3043,3393,508,3409,SINGLE
004096409_00066.jpg,461,1141,3019,1157,2978,3496,437,3464,SINGLE
004096409_00378.jpg,361,1159,2944,1143,2977,3430,411,3479,SINGLE
004096409_00041.jpg,422,1610,2822,1602,2822,3316,470,3292,SINGLE
004096409_00483.jpg,427,1089,2979,1089,2963,3391,435,3415,SINGLE
004096409_00954.jpg,414,1179,2949,1116,2989,3475,438,3531,SINGLE
004096409_00235.jpg,374,1060,2981,1084,2965,3396,430,3396,SINGLE
004096409_00321.jpg,399,1127,2959,1127,2935,3471,407,3431,SINGLE
004096409_00086.jpg,422,1594,2774,1666,2726,3364,430,3268,SINGLE
004096409_00941.jpg,350,1132,2925,1116,2973,3452,382,3507,SINGLE
004096409_00423.jpg,421,1057,2988,1080,2940,3441,373,3409,SINGLE
004096409_00891.jpg,318,1076,2893,1084,2878,3428,318,3404,SINGLE
004096409_00309.jpg,406,1666,2806,1737,2750,3420,414,3404,SINGLE
004096409_00539.jpg,366,1060,2909,1060,2949,3404,390,3412,SINGLE
004096409_00758.jpg,407,1127,2967,1143,2959,3455,431,3471,SINGLE
004096409_00360.jpg,357,1152,2948,1120,2996,3441,389,3457,SINGLE
004096409_00708.jpg,405,1176,2924,1192,2924,3504,453,3512,SINGLE
004096409_00306.jpg,398,1108,2973,1092,2949,3428,430,3459,SINGLE
004096409_00518.jpg,377,1034,2928,1018,2944,3345,401,3353,SINGLE
004096409_00236.jpg,411,1061,2953,1077,2961,3397,427,3405,SINGLE
004096409_00022.jpg,437,1112,3004,1096,3020,3401,500,3441,SINGLE
004096409_00717.jpg,403,1211,2979,1203,2995,3504,452,3520,SINGLE
004096409_00340.jpg,389,1669,2781,1669,2781,3385,437,3393,SINGLE
004096409_00301.jpg,429,1104,2956,1080,2956,3433,413,3441,SINGLE
004096409_00228.jpg,406,1076,2949,1084,2965,3404,438,3420,SINGLE
004096409_00264.jpg,422,1650,2750,1586,2782,3316,462,3332,SINGLE
004096409_00489.jpg,438,1092,2965,1108,2957,3412,430,3396,SINGLE
004096409_00237.jpg,422,1068,2973,1060,2965,3412,430,3412,SINGLE
004096409_00996.jpg,363,1122,2938,1122,2955,3479,379,3479,SINGLE
004096409_00416.jpg,398,1092,2949,1092,2965,3452,398,3444,SINGLE
004096409_00412.jpg,395,1081,2995,1106,2963,3463,379,3415,SINGLE
004096409_00343.jpg,382,1124,2981,1108,2989,3444,398,3428,SINGLE
004096409_00820.jpg,398,1124,2925,1108,2949,3459,430,3467,SINGLE
004096409_00922.jpg,374,1044,2901,1100,2893,3436,342,3404,SINGLE
004096409_00567.jpg,399,1063,2911,1047,2935,3399,415,3415,SINGLE
004096409_00585.jpg,366,1076,2901,1036,2949,3372,406,3420,SINGLE
004096409_00642.jpg,406,1155,3005,1179,2989,3539,422,3531,SINGLE
004096409_00465.jpg,398,1084,2997,1084,2965,3412,414,3428,SINGLE
004096409_00594.jpg,334,1108,2925,1084,2941,3412,398,3452,SINGLE
004096409_00278.jpg,437,1740,2797,1724,2797,3433,413,3433,SINGLE
004096409_00709.jpg,413,1184,2980,1208,2956,3496,460,3481,SINGLE
004096409_00367.jpg,383,1711,2767,1695,2767,3407,423,3407,SINGLE
004096409_00596.jpg,358,1100,2933,1084,2949,3404,398,3444,SINGLE
004096409_00853.jpg,358,1148,2933,1132,2949,3459,406,3499,SINGLE
004096409_00079.jpg,434,1078,2921,1102,2889,3420,442,3396,SINGLE
004096409_00558.jpg,381,1049,2940,1033,2940,3377,413,3385,SINGLE
004096409_00816.jpg,382,1100,2941,1092,2957,3436,406,3436,SINGLE
004096409_00431.jpg,406,1068,2997,1092,2973,3444,406,3428,SINGLE
004096409_00982.jpg,414,1698,2758,1650,2774,3372,446,3396,SINGLE
004096409_00043.jpg,422,1108,2981,1068,3005,3404,462,3436,SINGLE
004096409_00178.jpg,470,1124,3005,1108,2997,3436,446,3420,SINGLE
004096409_00688.jpg,414,1187,2957,1203,2965,3539,446,3515,SINGLE
004096409_00168.jpg,486,1140,2997,1116,2981,3436,454,3420,SINGLE
004096409_00723.jpg,430,1203,2981,1219,2973,3547,446,3515,SINGLE
004096409_00316.jpg,405,1112,2948,1112,2940,3441,405,3441,SINGLE
004096409_00251.jpg,414,1084,2957,1068,2957,3388,438,3404,SINGLE
004096409_00883.jpg,325,1064,2892,1080,2892,3393,349,3401,SINGLE
004096409_00375.jpg,389,1144,2956,1096,2988,3425,429,3481,SINGLE
004096409_00987.jpg,390,1132,2917,1116,2981,3452,422,3483,SINGLE
004096409_00761.jpg,398,1155,2949,1132,2957,3467,430,3475,SINGLE
004096409_00390.jpg,398,1155,2965,1116,2973,3428,454,3475,SINGLE
004096409_00102.jpg,422,1060,2981,1052,2965,3412,414,3372,SINGLE
004096409_00248.jpg,410,1078,2937,1070,2921,3404,434,3404,SINGLE
004096409_00194.jpg,382,1084,2997,1052,2981,3380,438,3380,SINGLE
004096409_00810.jpg,387,1089,2938,1106,2938,3455,371,3431,SINGLE
004096409_00887.jpg,334,1060,2917,1084,2901,3428,350,3412,SINGLE
004096409_00267.jpg,454,1084,2965,1060,2981,3396,470,3388,SINGLE
004096409_00215.jpg,422,1626,2854,1642,2830,3396,422,3340,SINGLE
004096409_00536.jpg,374,1012,2901,1020,2862,3356,382,3324,SINGLE
004096409_00257.jpg,438,1092,2917,1100,2854,3372,470,3404,SINGLE
004096409_00231.jpg,422,1060,2973,1068,2957,3388,446,3420,SINGLE
004096409_00801.jpg,389,1096,2940,1088,2948,3441,381,3441,SINGLE
004096409_00773.jpg,374,1108,2957,1108,2973,3452,374,3467,SINGLE
004096409_00885.jpg,326,1060,2909,1092,2901,3436,342,3412,SINGLE
004096409_00794.jpg,390,1650,2774,1642,2750,3412,406,3412,SINGLE
004096409_00576.jpg,342,1076,2917,1060,2957,3396,414,3436,SINGLE
004096409_00859.jpg,302,1064,2908,1072,2892,3425,309,3401,SINGLE
004096409_00972.jpg,406,1650,2750,1618,2766,3324,382,3380,SINGLE
004096409_00432.jpg,422,1618,2790,1682,2750,3420,414,3332,SINGLE
004096409_00077.jpg,415,1120,3014,1137,2947,3478,423,3445,SINGLE
004096409_00521.jpg,359,1039,2895,1015,2895,3351,391,3359,SINGLE
004096409_00931.jpg,381,1088,2900,1049,2916,3425,381,3417,SINGLE
004096409_00487.jpg,422,1155,2766,1132,2814,3356,446,3396,SINGLE
004096409_00039.jpg,421,1629,2773,1549,2829,3266,468,3338,SINGLE
004096409_00347.jpg,390,1124,3005,1108,2981,3420,422,3444,SINGLE
004096409_00302.jpg,414,1116,2989,1108,2989,3452,422,3452,SINGLE
004096409_00394.jpg,422,1690,2798,1793,2742,3499,406,3372,SINGLE
004096409_00926.jpg,350,1100,2878,1076,2917,3388,358,3420,SINGLE
004096409_00957.jpg,411,1201,2944,1118,3002,3471,444,3520,SINGLE
004096409_00455.jpg,406,1068,2981,1100,2973,3420,398,3436,SINGLE
004096409_00141.jpg,446,1100,2981,1108,2981,3436,422,3436,SINGLE
004096409_00488.jpg,414,1610,2790,1642,2766,3348,414,3324,SINGLE
004096409_00771.jpg,358,1092,2957,1092,2973,3452,382,3467,SINGLE
004096409_00696.jpg,406,1163,2957,1195,2981,3515,454,3531,SINGLE
004096409_00805.jpg,374,1092,2925,1100,2933,3452,366,3444,SINGLE
004096409_00426.jpg,422,1092,2973,1076,3005,3404,454,3444,SINGLE
004096409_00052.jpg,462,1132,3005,1100,3021,3436,502,3459,SINGLE
004096409_00203.jpg,406,1650,2774,1666,2774,3372,438,3356,SINGLE
004096409_00993.jpg,374,1116,2957,1132,2957,3459,398,3483,SINGLE
004096409_00352.jpg,374,1140,2949,1124,2989,3452,422,3499,SINGLE
004096409_00054.jpg,454,1682,2870,1777,2798,3428,510,3396,SINGLE
004096409_00679.jpg,419,1242,2993,1242,3017,3565,508,3606,SINGLE
004096409_00974.jpg,357,1096,2900,1088,2948,3433,405,3457,SINGLE
004096409_00841.jpg,430,1132,2933,1116,2917,3444,438,3444,SINGLE
004096409_00277.jpg,457,1107,2984,1131,2968,3473,425,3449,SINGLE
004096409_00750.jpg,402,1159,2962,1142,2970,3469,450,3501,SINGLE
004096409_00072.jpg,432,1131,2987,1156,2962,3486,407,3478,SINGLE
004096409_00319.jpg,398,1658,2830,1698,2798,3428,422,3356,SINGLE
004096409_00681.jpg,430,1155,3005,1148,3037,3499,494,3523,SINGLE
004096409_00719.jpg,398,1195,2981,1211,2989,3539,430,3531,SINGLE
004096409_00283.jpg,422,1084,3005,1116,2965,3444,398,3452,SINGLE
004096409_00693.jpg,406,1187,2981,1195,2981,3499,454,3507,SINGLE
004096409_00752.jpg,422,1155,2949,1132,2973,3452,446,3483,SINGLE
004096409_00272.jpg,421,1080,2972,1104,2972,3457,421,3441,SINGLE
004096409_00551.jpg,374,1052,2949,1060,2949,3412,422,3412,SINGLE
004096409_00019.jpg,438,1108,3005,1092,3021,3428,478,3436,SINGLE
004096409_00827.jpg,366,1116,2925,1084,2949,3436,406,3452,SINGLE
004096409_00004.jpg,294,980,3053,956,3069,4472,334,4488,SINGLE
004096409_00081.jpg,425,1067,2904,1067,2888,3401,425,3401,SINGLE
004096409_00212.jpg,422,1068,3005,1076,2981,3404,446,3420,SINGLE
004096409_00725.jpg,430,1195,3005,1219,2981,3547,438,3515,SINGLE
004096409_00837.jpg,394,1110,2928,1110,2961,3430,452,3454,SINGLE
004096409_00348.jpg,398,1626,2774,1674,2750,3372,406,3324,SINGLE
004096409_00418.jpg,390,1618,2806,1729,2702,3444,366,3332,SINGLE
004096409_00184.jpg,374,1108,2997,1060,2989,3412,430,3475,SINGLE
004096409_00648.jpg,430,1155,2981,1195,2965,3539,422,3499,SINGLE
004096409_00622.jpg,374,1116,2901,1076,2949,3396,406,3428,SINGLE
004096409_00910.jpg,318,1084,2909,1068,2933,3412,382,3420,SINGLE
004096409_00575.jpg,342,1068,2925,1060,2965,3396,414,3444,SINGLE
004096409_00469.jpg,454,1084,2989,1100,2965,3436,438,3420,SINGLE
004096409_00979.jpg,398,1108,2941,1108,2973,3452,430,3452,SINGLE
004096409_00339.jpg,389,1128,2980,1080,2924,3409,429,3433,SINGLE
004096409_00439.jpg,422,1076,2997,1108,2973,3412,422,3444,SINGLE
004096409_00939.jpg,358,1124,2941,1084,2965,3452,374,3491,SINGLE
004096409_00002.jpg,55,190,3234,190,3210,5134,39,5102,SINGLE
004096409_00589.jpg,342,1148,2901,1060,2989,3356,422,3483,SINGLE
004096409_00611.jpg,366,1100,2925,1084,2941,3412,406,3436,SINGLE
004096409_00368.jpg,369,1139,2960,1123,2968,3449,417,3482,SINGLE
004096409_00795.jpg,374,1124,2925,1092,2957,3444,390,3475,SINGLE
004096409_00172.jpg,479,1135,3007,1127,2991,3447,455,3455,SINGLE
004096409_00187.jpg,414,1052,3021,1076,2997,3452,430,3420,SINGLE
004096409_00882.jpg,326,1076,2917,1100,2893,3428,350,3428,SINGLE
004096409_00366.jpg,358,1148,2957,1116,3005,3452,430,3499,SINGLE
004096409_00260.jpg,422,1100,2981,1084,2957,3380,470,3412,SINGLE
004096409_00265.jpg,414,1076,2941,1052,2973,3364,470,3396,SINGLE
004096409_00862.jpg,310,1068,2909,1076,2893,3428,334,3444,SINGLE
004096409_00646.jpg,430,1155,3013,1179,2997,3547,430,3499,SINGLE
004096409_00807.jpg,398,1100,2949,1108,2941,3459,382,3444,SINGLE
004096409_00995.jpg,382,1132,2870,1124,2901,3459,374,3483,SINGLE
004096409_00532.jpg,370,1011,2928,1028,2912,3348,403,3323,SINGLE
004096409_00315.jpg,389,1637,2781,1597,2805,3298,413,3330,SINGLE
004096409_00504.jpg,358,1012,2941,1012,2949,3356,382,3356,SINGLE
004096409_00467.jpg,391,1079,2975,1095,2967,3439,431,3431,SINGLE
004096409_00925.jpg,366,1076,2901,1076,2901,3380,382,3420,SINGLE
004096409_00345.jpg,406,1124,2997,1100,3005,3420,422,3444,SINGLE
004096409_00111.jpg,414,1076,2973,1092,2965,3372,406,3388,SINGLE
004096409_00453.jpg,438,1076,2997,1092,2973,3420,430,3420,SINGLE
004096409_00516.jpg,366,1020,2925,1012,2941,3364,390,3364,SINGLE
004096409_00130.jpg,430,1100,3013,1116,3013,3452,454,3436,SINGLE
004096409_00580.jpg,350,1052,2949,1068,2973,3388,390,3404,SINGLE
004096409_00727.jpg,446,1171,3013,1275,2909,3603,390,3483,SINGLE
004096409_00217.jpg,419,1077,2986,1085,2986,3430,427,3430,SINGLE
004096409_00491.jpg,462,1092,2973,1100,2949,3420,430,3404,SINGLE
004096409_00384.jpg,366,1650,2718,1626,2734,3332,430,3348,SINGLE
004096409_00121.jpg,437,1096,2948,1033,2988,3338,453,3409,SINGLE
004096409_00411.jpg,406,1068,3005,1100,2949,3452,390,3444,SINGLE
004096409_00073.jpg,449,1148,3012,1181,2970,3478,416,3461,SINGLE
004096409_00698.jpg,398,1179,2917,1187,2965,3428,454,3499,SINGLE
004096409_00472.jpg,438,1108,2981,1092,2973,3412,430,3412,SINGLE
004096409_00136.jpg,446,1100,3013,1132,2989,3459,414,3452,SINGLE
004096409_00064.jpg,441,1099,3000,1123,3000,3457,441,3425,SINGLE
004096409_00438.jpg,414,1084,2989,1092,2957,3436,422,3428,SINGLE
004096409_00485.jpg,621,1706,2893,1602,2973,3292,709,3396,SINGLE
004096409_00849.jpg,353,1159,2912,1143,2936,3487,403,3512,SINGLE
004096409_00326.jpg,414,1722,2790,1753,2766,3452,398,3420,SINGLE
004096409_00780.jpg,379,1098,2955,1106,2955,3463,387,3447,SINGLE
004096409_00792.jpg,430,1140,2957,1108,2997,3452,422,3483,SINGLE
004096409_00568.jpg,397,1064,2924,1041,2964,3385,437,3393,SINGLE
004096409_00027.jpg,437,1112,2980,1057,3004,3393,492,3417,SINGLE
004096409_00095.jpg,430,1594,2806,1650,2750,3380,366,3300,SINGLE
004096409_00496.jpg,486,1068,2981,1084,2981,3364,462,3364,SINGLE
004096409_00742.jpg,406,1155,2949,1132,2965,3444,422,3467,SINGLE
004096409_00684.jpg,430,1179,3005,1163,3013,3491,502,3491,SINGLE
004096409_00128.jpg,454,1626,2806,1698,2750,3372,414,3340,SINGLE
004096409_00895.jpg,350,1068,2917,1092,2925,3428,358,3420,SINGLE
004096409_00701.jpg,422,1187,2941,1203,2973,3515,446,3507,SINGLE
004096409_00308.jpg,398,1116,2965,1108,2933,3428,398,3444,SINGLE
004096409_00814.jpg,390,1092,2933,1124,2941,3444,398,3452,SINGLE
004096409_00740.jpg,398,1155,2965,1155,2989,3467,438,3491,SINGLE
004096409_00973.jpg,374,1132,2941,1132,2949,3491,374,3491,SINGLE
004096409_00713.jpg,418,1191,2970,1175,2978,3509,426,3525,SINGLE
004096409_00732.jpg,391,1167,2943,1143,2967,3471,423,3495,SINGLE
004096409_00607.jpg,374,1100,2933,1084,2949,3428,414,3436,SINGLE
004096409_00021.jpg,430,1132,3029,1092,3021,3428,486,3452,SINGLE
004096409_00505.jpg,358,1020,2933,1012,2941,3340,406,3348,SINGLE
004096409_00082.jpg,425,1628,2775,1620,2775,3329,417,3321,SINGLE
004096409_00787.jpg,390,1100,2981,1108,2965,3459,366,3436,SINGLE
004096409_00737.jpg,398,1148,2949,1140,2965,3444,430,3515,SINGLE
004096409_00757.jpg,406,1140,2933,1132,2949,3475,422,3459,SINGLE
004096409_00716.jpg,414,1195,2973,1179,2981,3515,470,3523,SINGLE
004096409_00408.jpg,406,1594,2790,1682,2734,3420,398,3340,SINGLE
004096409_00429.jpg,389,1064,2980,1080,2996,3433,421,3409,SINGLE
004096409_00765.jpg,430,1132,2941,1132,2957,3475,422,3467,SINGLE
004096409_00413.jpg,422,1068,3005,1116,2981,3475,406,3412,SINGLE
004096409_00154.jpg,423,1663,2799,1711,2759,3455,431,3367,SINGLE
004096409_00621.jpg,358,1116,2925,1084,2941,3388,390,3436,SINGLE
004096409_00543.jpg,366,1060,2893,1044,2941,3324,398,3412,SINGLE
004096409_00940.jpg,342,1108,2901,1108,2965,3436,382,3499,SINGLE
004096409_00014.jpg,445,1112,2972,1049,3004,3409,492,3433,SINGLE
004096409_00165.jpg,446,1155,2965,1116,2981,3420,446,3452,SINGLE
004096409_00056.jpg,454,1140,3013,1108,2997,3459,486,3444,SINGLE
004096409_00562.jpg,390,1068,2933,1052,2949,3380,430,3412,SINGLE
004096409_00089.jpg,422,1068,2981,1092,2949,3428,422,3372,SINGLE
004096409_00728.jpg,398,1155,2965,1132,2981,3499,430,3491,SINGLE
004096409_00380.jpg,382,1163,2965,1140,2973,3428,470,3467,SINGLE
004096409_00707.jpg,410,1172,2952,1189,2936,3526,459,3510,SINGLE
004096409_00762.jpg,401,1155,2952,1147,2960,3449,433,3490,SINGLE
004096409_00355.jpg,362,1159,2937,1126,2970,3453,418,3501,SINGLE
004096409_00037.jpg,422,1124,3005,1060,3005,3396,494,3452,SINGLE
004096409_00304.jpg,422,1108,2989,1116,2997,3420,422,3428,SINGLE
004096409_00829.jpg,390,1108,2949,1100,2965,3420,430,3444,SINGLE
004096409_00196.jpg,414,1060,2997,1068,2989,3412,430,3404,SINGLE
004096409_00311.jpg,402,1650,2785,1658,2768,3428,410,3364,SINGLE
004096409_00739.jpg,398,1163,2949,1132,2989,3459,454,3499,SINGLE
004096409_00493.jpg,454,1076,2981,1092,2949,3428,446,3396,SINGLE
004096409_00059.jpg,446,1148,3021,1148,3005,3459,478,3475,SINGLE
004096409_00715.jpg,406,1171,2973,1187,2957,3515,462,3499,SINGLE
004096409_00985.jpg,390,1116,2901,1100,2925,3475,502,3475,SINGLE
004096409_00659.jpg,421,1198,2956,1182,2988,3523,469,3564,SINGLE
004096409_00160.jpg,470,1116,3005,1116,2989,3452,454,3444,SINGLE
004096409_00738.jpg,406,1171,2949,1132,2973,3483,438,3491,SINGLE
004096409_00535.jpg,358,1028,2893,1020,2870,3316,366,3316,SINGLE
004096409_00419.jpg,422,1076,3013,1100,2973,3475,366,3412,SINGLE
004096409_00478.jpg,438,1076,2965,1084,2949,3420,422,3428,SINGLE
004096409_00441.jpg,430,1076,2989,1100,2973,3436,398,3428,SINGLE
004096409_00068.jpg,453,1125,3010,1157,2986,3480,420,3439,SINGLE
004096409_00220.jpg,422,1068,2981,1084,2997,3404,430,3420,SINGLE
004096409_00747.jpg,406,1140,2957,1140,2981,3459,430,3491,SINGLE
004096409_00663.jpg,414,1227,2973,1179,2981,3515,494,3555,SINGLE
004096409_00117.jpg,414,1092,2941,1076,2957,3412,406,3396,SINGLE
004096409_00831.jpg,374,1108,2933,1092,2949,3420,414,3452,SINGLE
004096409_00032.jpg,413,1096,3028,1080,3036,3417,484,3425,SINGLE
004096409_00917.jpg,350,1076,2909,1092,2885,3428,310,3412,SINGLE
004096409_00246.jpg,422,1076,2989,1068,2957,3396,462,3388,SINGLE
004096409_00927.jpg,374,1108,2885,1068,2893,3388,350,3412,SINGLE
004096409_00733.jpg,406,1163,2949,1155,2973,3499,414,3499,SINGLE
004096409_00904.jpg,334,1076,2909,1100,2893,3428,350,3412,SINGLE
004096409_00884.jpg,319,1055,2903,1071,2887,3407,327,3407,SINGLE
004096409_00145.jpg,454,1108,2997,1116,2997,3452,414,3459,SINGLE
004096409_00971.jpg,374,1108,2941,1124,2941,3467,390,3475,SINGLE
004096409_00159.jpg,446,1706,2798,1618,2782,3396,462,3372,SINGLE
004096409_00791.jpg,382,1124,2981,1116,3005,3467,438,3467,SINGLE
004096409_00906.jpg,358,1076,2901,1076,2901,3412,374,3428,SINGLE
004096409_00649.jpg,438,1163,2997,1203,2997,3523,454,3507,SINGLE
004096409_00176.jpg,478,1124,2981,1100,3005,3444,486,3444,SINGLE
004096409_00088.jpg,435,1052,3002,1102,2977,3422,419,3364,SINGLE
004096409_00990.jpg,369,1123,2936,1123,2928,3490,369,3457,SINGLE
004096409_00013.jpg,437,1096,2988,1072,3012,3401,468,3433,SINGLE
004096409_00714.jpg,398,1195,2997,1195,3005,3523,422,3531,SINGLE
004096409_00500.jpg,406,1012,2973,1020,2949,3348,406,3332,SINGLE
004096409_00017.jpg,421,1104,3004,1080,3020,3409,492,3441,SINGLE
004096409_00819.jpg,390,1116,2933,1100,2949,3436,398,3452,SINGLE
004096409_00462.jpg,414,1076,2981,1092,2933,3412,398,3428,SINGLE
004096409_00290.jpg,414,1108,3021,1124,2997,3436,438,3444,SINGLE
004096409_00928.jpg,382,1092,2893,1084,2933,3404,366,3420,SINGLE
004096409_00076.jpg,424,1123,2979,1156,2962,3486,432,3453,SINGLE
004096409_00770.jpg,358,1092,2941,1092,2957,3452,382,3467,SINGLE
004096409_00477.jpg,441,1083,2960,1107,2944,3425,425,3417,SINGLE
004096409_00915.jpg,350,1052,2870,1084,2893,3380,334,3420,SINGLE
004096409_00767.jpg,398,1155,2949,1140,2965,3483,438,3483,SINGLE
004096409_00944.jpg,350,1140,2941,1092,2973,3467,398,3491,SINGLE
004096409_00456.jpg,422,1068,2981,1092,2957,3452,414,3412,SINGLE
004096409_00494.jpg,454,1084,2933,1092,2925,3420,446,3412,SINGLE
004096409_00069.jpg,449,1131,2995,1148,2979,3495,441,3470,SINGLE
004096409_00556.jpg,373,1064,2916,1033,2932,3377,405,3393,SINGLE
004096409_00855.jpg,358,1155,2909,1148,2949,3459,414,3483,SINGLE
004096409_00373.jpg,374,1155,2933,1124,2973,3436,422,3483,SINGLE
004096409_00392.jpg,390,1155,2941,1124,2997,3436,446,3475,SINGLE
004096409_00671.jpg,414,1203,2981,1171,3021,3507,510,3539,SINGLE
004096409_00484.jpg,409,1075,2936,1083,2912,3417,409,3409,SINGLE
004096409_00876.jpg,326,1100,2909,1076,2941,3396,374,3436,SINGLE
004096409_00828.jpg,390,1124,2933,1092,2933,3436,406,3436,SINGLE
004096409_00350.jpg,397,1120,2972,1064,2988,3369,429,3433,SINGLE
004096409_00195.jpg,422,1626,2806,1570,2798,3316,430,3316,SINGLE
004096409_00929.jpg,366,1084,2870,1060,2885,3396,374,3420,SINGLE
004096409_00188.jpg,414,1060,3037,1076,2981,3444,398,3412,SINGLE
004096409_00623.jpg,374,1116,2933,1084,2957,3396,422,3436,SINGLE
004096409_00590.jpg,358,1618,2750,1578,2766,3292,414,3332,SINGLE
004096409_00888.jpg,310,1060,2909,1084,2893,3412,334,3404,SINGLE
004096409_00832.jpg,390,1108,2957,1108,2957,3428,438,3452,SINGLE
004096409_00074.jpg,416,1689,2837,1780,2729,3486,424,3386,SINGLE
004096409_00597.jpg,366,1100,2933,1084,2933,3404,406,3428,SINGLE
004096409_00775.jpg,366,1124,2957,1084,2989,3428,398,3459,SINGLE
004096409_00227.jpg,422,1084,2997,1068,2981,3412,446,3420,SINGLE
004096409_00746.jpg,390,1163,2949,1148,2965,3483,438,3491,SINGLE
004096409_00890.jpg,314,1065,2898,1089,2890,3439,339,3407,SINGLE
004096409_00125.jpg,449,1107,2992,1123,2968,3449,433,3457,SINGLE
004096409_00779.jpg,390,1100,2957,1092,2965,3444,422,3444,SINGLE
004096409_00515.jpg,390,1554,2734,1554,2718,3260,398,3260,SINGLE
004096409_00525.jpg,342,1036,2909,1028,2933,3324,374,3356,SINGLE
004096409_00573.jpg,350,1076,2917,1044,2941,3380,398,3428,SINGLE
004096409_00680.jpg,438,1195,2997,1179,3013,3507,502,3507,SINGLE
004096409_00962.jpg,422,1116,2933,1092,2965,3436,446,3491,SINGLE
004096409_00963.jpg,398,1132,2965,1100,2989,3452,446,3475,SINGLE
004096409_00531.jpg,398,1060,2782,1012,2806,3268,398,3300,SINGLE
004096409_00722.jpg,406,1195,2989,1219,2989,3523,446,3515,SINGLE
004096409_00143.jpg,462,1108,2989,1124,2989,3452,422,3444,SINGLE
004096409_00137.jpg,462,1100,3005,1116,2989,3459,438,3428,SINGLE
004096409_00376.jpg,366,1155,2941,1116,2981,3428,406,3499,SINGLE
004096409_00668.jpg,422,1195,2973,1155,3013,3523,494,3555,SINGLE
004096409_00730.jpg,374,1148,2949,1132,2989,3491,422,3491,SINGLE
004096409_00497.jpg,394,1011,2903,1003,2953,3364,411,3348,SINGLE
004096409_00627.jpg,385,1107,2936,1099,2960,3409,409,3441,SINGLE
004096409_00254.jpg,429,1637,2805,1605,2797,3314,460,3314,SINGLE
004096409_00656.jpg,494,1179,3045,1179,3061,3539,470,3523,SINGLE
004096409_00911.jpg,350,1108,2917,1084,2925,3428,374,3428,SINGLE
004096409_00860.jpg,318,1076,2893,1076,2878,3452,342,3436,SINGLE
004096409_00391.jpg,374,1140,2981,1116,3005,3420,446,3491,SINGLE
004096409_00943.jpg,350,1124,2925,1108,2965,3452,406,3491,SINGLE
004096409_00482.jpg,430,1084,2981,1068,2957,3412,446,3404,SINGLE
004096409_00839.jpg,398,1116,2925,1108,2933,3444,454,3483,SINGLE
004096409_00764.jpg,417,1147,2928,1147,2960,3482,425,3473,SINGLE
004096409_00559.jpg,389,1057,2892,1017,2908,3393,421,3409,SINGLE
004096409_00331.jpg,406,1108,2965,1124,2957,3436,430,3444,SINGLE
004096409_00105.jpg,430,1060,2965,1076,2957,3412,438,3372,SINGLE
004096409_00547.jpg,382,1052,2917,1044,2925,3404,406,3428,SINGLE
004096409_00804.jpg,390,1100,2941,1108,2949,3459,382,3444,SINGLE
004096409_00307.jpg,406,1108,2973,1132,2973,3428,398,3444,SINGLE
004096409_00460.jpg,422,1650,2766,1698,2742,3428,430,3380,SINGLE
004096409_00468.jpg,382,1092,2965,1100,2941,3404,430,3428,SINGLE
004096409_00847.jpg,358,1124,2949,1108,2957,3428,414,3467,SINGLE
004096409_00219.jpg,401,1075,2984,1059,2968,3417,425,3417,SINGLE
004096409_00840.jpg,406,1100,2909,1100,2933,3428,454,3428,SINGLE
004096409_00540.jpg,366,1060,2885,1044,2933,3396,390,3412,SINGLE
004096409_00451.jpg,414,1060,2973,1108,2941,3436,414,3412,SINGLE
004096409_00028.jpg,421,1080,2980,1064,2948,3401,421,3393,SINGLE
004096409_00861.jpg,310,1076,2893,1076,2901,3428,334,3428,SINGLE
004096409_00211.jpg,422,1084,3005,1092,3005,3420,422,3420,SINGLE
004096409_00533.jpg,374,1028,2917,1028,2933,3324,382,3348,SINGLE
004096409_00057.jpg,462,1753,2814,1737,2814,3444,478,3380,SINGLE
004096409_00584.jpg,358,1084,2917,1044,2949,3372,422,3428,SINGLE
004096409_00323.jpg,406,1108,2981,1124,2957,3452,406,3428,SINGLE
004096409_00799.jpg,366,1124,2917,1100,2957,3452,390,3475,SINGLE
004096409_00126.jpg,430,1116,3005,1116,2989,3444,414,3467,SINGLE
004096409_00428.jpg,422,1084,3013,1100,2973,3428,438,3428,SINGLE
004096409_00298.jpg,398,1100,2965,1124,2949,3467,414,3467,SINGLE
004096409_00397.jpg,386,1085,3002,1110,2986,3463,394,3446,SINGLE
004096409_00550.jpg,390,1060,2933,1044,2941,3412,406,3420,SINGLE
004096409_00100.jpg,430,1578,2814,1737,2710,3404,430,3276,SINGLE
004096409_00287.jpg,406,1116,2973,1108,3005,3436,422,3459,SINGLE
004096409_00459.jpg,414,1092,3005,1092,2965,3412,414,3420,SINGLE
004096409_00325.jpg,422,1267,2814,1283,2814,3005,398,2981,SINGLE
004096409_00046.jpg,390,1092,2981,1068,3013,3396,478,3420,SINGLE
004096409_00914.jpg,362,1070,2913,1094,2921,3428,354,3428,SINGLE
004096409_00471.jpg,438,1100,2981,1084,2981,3436,454,3420,SINGLE
004096409_00956.jpg,403,1176,2953,1118,3010,3479,435,3529,SINGLE
004096409_00083.jpg,437,1057,2956,1041,2948,3401,437,3338,SINGLE
004096409_00769.jpg,350,1100,2973,1100,2965,3459,374,3467,SINGLE
004096409_00281.jpg,438,1092,2989,1148,2957,3483,390,3444,SINGLE
004096409_00549.jpg,374,1060,2917,1044,2941,3388,406,3420,SINGLE
004096409_00463.jpg,418,1617,2801,1650,2752,3388,410,3332,SINGLE
004096409_00978.jpg,382,1132,2925,1092,2973,3459,430,3467,SINGLE
004096409_00760.jpg,406,1155,2949,1140,2965,3459,430,3491,SINGLE
004096409_00407.jpg,422,1092,3013,1100,2989,3475,430,3428,SINGLE
004096409_00669.jpg,414,1219,2957,1171,3021,3507,510,3547,SINGLE
004096409_00514.jpg,374,1012,2941,1020,2949,3340,406,3348,SINGLE
004096409_00110.jpg,398,1634,2726,1666,2718,3356,406,3332,SINGLE
004096409_00381.jpg,350,1148,2965,1116,2989,3436,430,3523,SINGLE
004096409_00135.jpg,462,1618,2830,1650,2814,3316,438,3324,SINGLE
004096409_00555.jpg,382,1052,2941,1028,2957,3396,406,3404,SINGLE
004096409_00332.jpg,398,1124,2957,1116,2957,3420,398,3436,SINGLE
004096409_00024.jpg,413,1104,3004,1072,3028,3393,476,3433,SINGLE
004096409_00139.jpg,446,1108,3013,1132,2981,3436,414,3444,SINGLE
004096409_00650.jpg,430,1187,2989,1187,3029,3523,462,3555,SINGLE
004096409_00180.jpg,471,1167,2999,1127,2999,3431,503,3455,SINGLE
004096409_00834.jpg,399,1103,2935,1087,2975,3415,439,3463,SINGLE
004096409_00786.jpg,398,1100,2949,1116,2949,3467,382,3436,SINGLE
004096409_00200.jpg,390,1076,2997,1092,2965,3428,414,3404,SINGLE
004096409_00755.jpg,406,1148,2965,1148,2957,3467,438,3483,SINGLE
004096409_00401.jpg,390,1650,2798,1714,2742,3444,390,3348,SINGLE
004096409_00706.jpg,406,1203,2981,1195,2957,3531,462,3523,SINGLE
004096409_00365.jpg,550,1522,2965,1474,2981,3109,613,3141,SINGLE
004096409_00695.jpg,390,1187,2965,1187,2981,3531,454,3499,SINGLE
004096409_00624.jpg,350,1116,2917,1084,2941,3412,406,3436,SINGLE
004096409_00610.jpg,374,1108,2933,1076,2957,3420,406,3436,SINGLE
004096409_00286.jpg,422,1084,2989,1132,2941,3483,422,3452,SINGLE
004096409_00271.jpg,405,1088,2988,1112,2980,3425,405,3433,SINGLE
004096409_00031.jpg,445,1112,2988,1080,3043,3401,484,3425,SINGLE
004096409_00657.jpg,454,1227,3045,1187,3037,3491,486,3531,SINGLE
004096409_00148.jpg,454,1124,3005,1116,2997,3436,478,3475,SINGLE
004096409_00961.jpg,423,1111,2967,1095,2967,3487,423,3487,SINGLE
004096409_00745.jpg,414,1155,2949,1148,2965,3452,438,3483,SINGLE
004096409_00280.jpg,414,1100,2989,1140,2933,3483,406,3452,SINGLE
004096409_00619.jpg,382,1108,2909,1084,2941,3412,406,3467,SINGLE
004096409_00036.jpg,422,1132,2973,1076,3021,3412,494,3452,SINGLE
004096409_00784.jpg,390,1092,2965,1116,2965,3475,398,3459,SINGLE
004096409_00793.jpg,406,1140,2973,1124,3005,3459,430,3475,SINGLE
004096409_00282.jpg,438,1108,2965,1140,2965,3452,414,3459,SINGLE
004096409_00785.jpg,398,1108,2981,1108,2973,3459,398,3452,SINGLE
004096409_00519.jpg,374,1028,2909,1028,2941,3340,398,3332,SINGLE
004096409_00644.jpg,406,1163,3005,1179,2981,3547,422,3531,SINGLE
004096409_00699.jpg,414,1195,2973,1195,2973,3523,470,3523,SINGLE
004096409_00673.jpg,422,1761,2782,1761,2758,3459,430,3396,SINGLE
004096409_00253.jpg,421,1072,2972,1057,2980,3377,445,3385,SINGLE
004096409_00800.jpg,366,1116,2941,1108,2949,3459,366,3459,SINGLE
004096409_00571.jpg,334,1076,2909,1044,2949,3380,398,3412,SINGLE
004096409_00023.jpg,421,1112,2996,1080,3028,3401,476,3433,SINGLE
004096409_00317.jpg,414,1674,2790,1682,2758,3404,414,3364,SINGLE
004096409_00615.jpg,381,1096,2948,1080,2940,3401,405,3441,SINGLE
004096409_00149.jpg,438,1132,3005,1124,2997,3452,438,3483,SINGLE
004096409_00955.jpg,413,1168,2948,1128,3004,3465,453,3512,SINGLE
004096409_00324.jpg,382,1092,2973,1124,2989,3452,406,3436,SINGLE
004096409_00868.jpg,326,1100,2901,1052,2909,3428,358,3428,SINGLE
004096409_00300.jpg,405,1096,2988,1096,2980,3449,413,3449,SINGLE
004096409_00685.jpg,430,1179,2973,1179,2997,3507,470,3483,SINGLE
004096409_00545.jpg,367,1063,2927,1063,2943,3391,407,3423,SINGLE
004096409_00364.jpg,358,1140,2949,1124,2981,3444,430,3483,SINGLE
004096409_00503.jpg,361,1026,2936,1010,2960,3353,393,3353,SINGLE
004096409_00520.jpg,358,1570,2734,1578,2718,3292,390,3252,SINGLE
004096409_00486.jpg,430,1076,2981,1084,2949,3412,414,3404,SINGLE
004096409_00388.jpg,366,1148,2957,1116,2997,3428,438,3475,SINGLE
004096409_00586.jpg,358,1666,2750,1642,2774,3380,390,3388,SINGLE
004096409_00662.jpg,414,1211,2997,1179,3045,3523,502,3563,SINGLE
004096409_00434.jpg,414,1084,2997,1100,2973,3459,430,3436,SINGLE
004096409_00075.jpg,407,1148,2995,1165,2962,3495,432,3453,SINGLE
004096409_00256.jpg,422,1100,2973,1084,2965,3388,454,3420,SINGLE
004096409_00424.jpg,433,1067,2976,1131,2928,3465,377,3417,SINGLE
004096409_00538.jpg,363,1065,2898,1041,2922,3415,387,3423,SINGLE
004096409_00276.jpg,423,1087,2975,1151,2943,3479,407,3455,SINGLE
004096409_00530.jpg,342,1044,2885,1012,2925,3340,406,3356,SINGLE
004096409_00353.jpg,382,1155,2941,1155,2997,3452,422,3467,SINGLE
004096409_00361.jpg,366,1132,2957,1116,2989,3444,422,3499,SINGLE
004096409_00640.jpg,406,1179,2981,1179,2973,3547,430,3555,SINGLE
004096409_00142.jpg,454,1132,3013,1116,3005,3436,438,3436,SINGLE
004096409_00502.jpg,366,1020,2973,1028,2965,3356,406,3348,SINGLE
004096409_00686.jpg,414,1203,2973,1187,2965,3531,462,3523,SINGLE
004096409_00896.jpg,318,1076,2893,1084,2901,3436,334,3412,SINGLE
004096409_00433.jpg,390,1084,2989,1092,2973,3444,398,3428,SINGLE
004096409_00120.jpg,398,1100,2941,1036,2989,3348,430,3428,SINGLE
004096409_00903.jpg,350,1052,2925,1076,2893,3444,334,3388,SINGLE
004096409_00155.jpg,454,1084,3013,1108,3005,3452,462,3452,SINGLE
004096409_00501.jpg,390,1586,2766,1554,2774,3276,382,3276,SINGLE
004096409_00071.jpg,466,1680,2837,1780,2762,3486,449,3411,SINGLE
004096409_00094.jpg,414,1068,2989,1084,2957,3396,398,3388,SINGLE
004096409_00312.jpg,398,1124,2941,1092,2981,3396,430,3452,SINGLE
004096409_00825.jpg,385,1131,2936,1107,2944,3433,409,3473,SINGLE
004096409_00523.jpg,342,1036,2925,1020,2901,3348,398,3292,SINGLE
004096409_00112.jpg,382,1060,2917,1084,2925,3380,406,3388,SINGLE
004096409_00209.jpg,422,1076,2997,1100,2965,3428,454,3396,SINGLE
004096409_00578.jpg,327,1087,2895,1055,2943,3407,399,3439,SINGLE
004096409_00202.jpg,406,1076,3013,1076,3005,3420,446,3420,SINGLE
004096409_00038.jpg,422,1116,2989,1068,3029,3380,454,3444,SINGLE
004096409_00062.jpg,430,1052,3013,1084,2965,3444,414,3396,SINGLE
004096409_00783.jpg,398,1100,2965,1116,2957,3459,382,3452,SINGLE
004096409_00151.jpg,446,1116,2997,1132,2997,3428,454,3444,SINGLE
004096409_00425.jpg,438,1052,2989,1092,2933,3467,398,3428,SINGLE
004096409_00238.jpg,418,1078,2978,1086,2970,3412,434,3428,SINGLE
004096409_00226.jpg,417,1067,2984,1091,2976,3409,441,3425,SINGLE
004096409_00517.jpg,366,1036,2941,1020,2949,3332,390,3364,SINGLE
004096409_00259.jpg,445,1096,2948,1096,2964,3345,484,3409,SINGLE
004096409_00900.jpg,334,1068,2909,1076,2917,3452,382,3436,SINGLE
004096409_00824.jpg,375,1103,2911,1095,2959,3439,415,3455,SINGLE
004096409_00470.jpg,429,1088,2996,1072,2964,3409,437,3409,SINGLE
004096409_00402.jpg,414,1076,2989,1092,2965,3452,390,3444,SINGLE
004096409_00561.jpg,406,1068,2933,1052,2941,3404,438,3412,SINGLE
004096409_00508.jpg,390,1586,2758,1610,2734,3308,398,3268,SINGLE
004096409_00334.jpg,422,1132,2973,1116,3005,3428,430,3444,SINGLE
004096409_00293.jpg,438,1124,2997,1132,2973,3436,422,3452,SINGLE
004096409_00190.jpg,406,1060,3013,1068,2989,3428,446,3420,SINGLE
004096409_00729.jpg,390,1674,2758,1666,2766,3380,414,3388,SINGLE
004096409_00881.jpg,324,1080,2900,1096,2876,3444,341,3428,SINGLE
004096409_00572.jpg,342,1076,2909,1052,2941,3380,406,3412,SINGLE
004096409_00781.jpg,382,1100,2949,1108,2949,3459,374,3452,SINGLE
004096409_00981.jpg,366,1140,2925,1084,2965,3436,414,3467,SINGLE
004096409_00437.jpg,422,1084,2981,1084,2957,3452,406,3420,SINGLE
004096409_00268.jpg,438,1634,2790,1666,2790,3364,486,3332,SINGLE
004096409_00711.jpg,414,1187,2973,1187,2973,3523,414,3539,SINGLE
004096409_00965.jpg,422,1140,2973,1100,3013,3444,454,3483,SINGLE
004096409_00108.jpg,413,1057,2956,1072,2940,3361,421,3377,SINGLE
004096409_00526.jpg,335,1055,2887,1015,2943,3335,391,3383,SINGLE
004096409_00870.jpg,312,1085,2903,1069,2928,3405,378,3438,SINGLE
004096409_00552.jpg,390,1068,2941,1044,2949,3388,414,3412,SINGLE
004096409_00133.jpg,462,1682,2830,1729,2766,3452,414,3372,SINGLE
004096409_00845.jpg,374,1108,2941,1116,2957,3428,398,3452,SINGLE
004096409_00633.jpg,366,1100,2933,1052,2965,3380,422,3436,SINGLE
004096409_00902.jpg,326,1068,2901,1068,2925,3420,406,3436,SINGLE
004096409_00458.jpg,366,1076,2989,1092,2941,3436,406,3436,SINGLE
004096409_00788.jpg,373,1080,2956,1057,2980,3425,373,3449,SINGLE
004096409_00802.jpg,373,1096,2932,1096,2948,3449,389,3449,SINGLE
004096409_00967.jpg,430,1148,2965,1068,3013,3428,462,3491,SINGLE
004096409_00358.jpg,366,1132,2957,1116,2997,3428,398,3483,SINGLE
004096409_00042.jpg,414,1116,2981,1068,3021,3388,454,3428,SINGLE
004096409_00875.jpg,334,1100,2893,1068,2933,3404,374,3436,SINGLE
004096409_00812.jpg,382,1116,2941,1116,2949,3452,398,3452,SINGLE
004096409_00177.jpg,460,1708,2821,1708,2797,3401,453,3377,SINGLE
004096409_00907.jpg,358,1084,2901,1076,2909,3412,374,3444,SINGLE
004096409_00078.jpg,440,1120,3038,1112,2964,3470,448,3445,SINGLE
004096409_00370.jpg,358,1132,2933,1124,2965,3444,414,3483,SINGLE
004096409_00249.jpg,398,1100,2933,1068,2949,3396,422,3420,SINGLE
004096409_00628.jpg,382,1100,2941,1068,2957,3388,398,3420,SINGLE
004096409_00461.jpg,430,1076,2973,1108,2941,3444,438,3396,SINGLE
004096409_00098.jpg,414,1562,2798,1650,2734,3348,414,3284,SINGLE
004096409_00592.jpg,357,1629,2718,1605,2734,3322,381,3330,SINGLE
004096409_00930.jpg,358,1092,2917,1076,2925,3388,358,3420,SINGLE
004096409_00045.jpg,438,1626,2790,1586,2814,3316,470,3340,SINGLE
004096409_00564.jpg,390,1084,2917,1060,2941,3412,430,3420,SINGLE
004096409_00250.jpg,414,1068,2933,1068,2949,3396,470,3404,SINGLE
004096409_00528.jpg,334,1028,2870,1004,2925,3324,382,3388,SINGLE
004096409_00766.jpg,414,1148,2957,1148,2949,3452,454,3467,SINGLE
004096409_00735.jpg,386,1151,2954,1126,2970,3477,426,3493,SINGLE
004096409_00218.jpg,422,1602,2838,1658,2782,3372,422,3324,SINGLE
004096409_00647.jpg,446,1148,3005,1195,2981,3547,430,3547,SINGLE
004096409_00011.jpg,453,1096,3004,1057,3012,3409,500,3433,SINGLE
004096409_00296.jpg,417,1107,2992,1115,2976,3457,457,3441,SINGLE
004096409_00638.jpg,422,1155,2989,1148,3029,3515,462,3547,SINGLE
004096409_00179.jpg,492,1144,3012,1120,2996,3433,500,3393,SINGLE
004096409_00447.jpg,422,1060,2989,1100,2957,3428,398,3420,SINGLE
004096409_00790.jpg,390,1116,2973,1108,3005,3452,438,3475,SINGLE
004096409_00524.jpg,342,1570,2710,1562,2718,3276,366,3252,SINGLE
004096409_00977.jpg,393,1660,2743,1668,2751,3369,393,3393,SINGLE
004096409_00960.jpg,427,1114,2963,1114,2955,3471,403,3455,SINGLE
004096409_00842.jpg,374,1116,2925,1092,2933,3452,414,3436,SINGLE
004096409_00947.jpg,358,1745,2742,1666,2774,3380,398,3459,SINGLE
004096409_00263.jpg,422,1060,2933,1068,2949,3388,478,3412,SINGLE
004096409_00297.jpg,414,1108,2981,1140,2965,3452,398,3459,SINGLE
004096409_00157.jpg,478,1140,2989,1108,2997,3436,454,3459,SINGLE
004096409_00935.jpg,354,1094,2889,1046,2921,3396,370,3412,SINGLE
004096409_00741.jpg,398,1148,2957,1124,2973,3483,454,3483,SINGLE
004096409_00661.jpg,390,1219,2989,1187,3037,3515,478,3547,SINGLE
004096409_00106.jpg,422,1060,2957,1108,2933,3388,414,3372,SINGLE
004096409_00292.jpg,422,1108,2989,1124,2965,3428,430,3452,SINGLE
