big_kanji_dataset/200021869/images/200021869-00015_1.jpg,71,76,2031,79,2026,3016,76,3029,SINGLE
big_kanji_dataset/200021869/images/200021869-00017_1.jpg,133,110,2114,112,2106,3031,146,3049,SINGLE
big_kanji_dataset/200021869/images/200021869-00006_2.jpg,76,40,2074,40,2074,2974,94,2971,SINGLE
big_kanji_dataset/200021869/images/200021869-00013_1.jpg,132,38,2062,40,2057,2971,122,2989,SINGLE
big_kanji_dataset/200021869/images/200021869-00008_1.jpg,111,53,2051,30,2073,2971,126,3002,SINGLE
big_kanji_dataset/200021869/images/200021869-00005_2.jpg,99,51,2093,45,2096,2984,109,2984,SINGLE
big_kanji_dataset/200021869/images/200021869-00018_2.jpg,84,154,2058,76,2094,3050,107,3094,SINGLE
big_kanji_dataset/200021869/images/200021869-00002.jpg,81,58,2240,66,2237,2997,69,3010,SINGLE
big_kanji_dataset/200021869/images/200021869-00003_2.jpg,99,53,2116,78,2070,3011,63,2983,SINGLE
big_kanji_dataset/200021869/images/200021869-00014_1.jpg,162,55,2114,48,2114,2985,167,3005,SINGLE
big_kanji_dataset/hnsd00000/images/hnsd003-023.jpg,120,55,1805,40,1783,2851,110,2822,SINGLE
big_kanji_dataset/hnsd00000/images/hnsd002-002.jpg,39,93,1702,95,1689,2872,29,2887,SINGLE
big_kanji_dataset/hnsd00000/images/hnsd008-013.jpg,207,45,1834,35,1870,2830,178,2801,SINGLE
big_kanji_dataset/hnsd00000/images/hnsd006-032.jpg,24,51,1664,72,1666,2835,24,2845,SINGLE
big_kanji_dataset/hnsd00000/images/hnsd001-003.jpg,86,67,1775,55,1770,2835,69,2826,SINGLE
big_kanji_dataset/hnsd00000/images/hnsd009-018.jpg,7,16,1650,14,1673,2791,7,2812,SINGLE
big_kanji_dataset/hnsd00000/images/hnsd002-039.jpg,158,50,1825,40,1820,2829,153,2815,SINGLE
big_kanji_dataset/hnsd00000/images/hnsd003-029.jpg,156,55,1819,36,1802,2845,129,2833,SINGLE
big_kanji_dataset/hnsd00000/images/hnsd001-009.jpg,84,60,1750,62,1758,2853,79,2834,SINGLE
big_kanji_dataset/hnsd00000/images/hnsd004-039.jpg,175,40,1801,36,1813,2824,160,2781,SINGLE
big_kanji_dataset/200014740/images/200014740-00003_1.jpg,289,124,2127,106,2129,2940,287,2940,SINGLE
big_kanji_dataset/200014740/images/200014740-00067_2.jpg,187,110,2027,149,2011,2968,187,2966,SINGLE
big_kanji_dataset/200014740/images/200014740-00025_2.jpg,175,113,2038,147,2025,2967,188,2980,SINGLE
big_kanji_dataset/200014740/images/200014740-00077_2.jpg,166,107,2019,143,2009,2958,163,2960,SINGLE
big_kanji_dataset/200014740/images/200014740-00037_1.jpg,275,144,2102,110,2099,2985,283,2977,SINGLE
big_kanji_dataset/200014740/images/200014740-00064_1.jpg,327,157,2171,110,2168,2977,334,2977,SINGLE
big_kanji_dataset/200014740/images/200014740-00072_1.jpg,349,138,2164,113,2159,2961,331,2961,SINGLE
big_kanji_dataset/200014740/images/200014740-00030_1.jpg,290,136,2132,115,2109,2971,285,2958,SINGLE
big_kanji_dataset/200014740/images/200014740-00050_2.jpg,132,88,1965,132,1960,2950,137,2932,SINGLE
big_kanji_dataset/200014740/images/200014740-00042_2.jpg,174,108,2008,144,2016,2967,182,2965,SINGLE
big_kanji_dataset/200021763/images/200021763-00040_2.jpg,193,51,2707,120,2692,4325,138,4358,SINGLE
big_kanji_dataset/200021763/images/200021763-00027_1.jpg,81,99,2522,51,2555,4387,81,4347,SINGLE
big_kanji_dataset/200021763/images/200021763-00030_1.jpg,62,114,2522,62,2563,4391,73,4361,SINGLE
big_kanji_dataset/200021763/images/200021763-00045_2.jpg,161,51,2652,125,2663,4340,102,4369,SINGLE
big_kanji_dataset/200021763/images/200021763-00023_2.jpg,157,40,2655,102,2659,4319,121,4374,SINGLE
big_kanji_dataset/200021763/images/200021763-00002_1.jpg,93,67,2673,96,2740,4289,130,4360,SINGLE
big_kanji_dataset/200021763/images/200021763-00003_1.jpg,92,99,2703,81,2747,4333,81,4348,SINGLE
big_kanji_dataset/200021763/images/200021763-00003_2.jpg,212,55,2732,141,2710,4373,171,4391,SINGLE
big_kanji_dataset/200021763/images/200021763-00005_1.jpg,69,95,2615,58,2637,4350,62,4335,SINGLE
big_kanji_dataset/200021763/images/200021763-00036_1.jpg,44,99,2523,36,2560,4391,55,4355,SINGLE
big_kanji_dataset/200021637/images/200021637-00011_1.jpg,111,49,1681,21,1695,2806,92,2827,SINGLE
big_kanji_dataset/200021637/images/200021637-00014_1.jpg,89,62,1681,55,1657,2830,45,2842,SINGLE
big_kanji_dataset/200021637/images/200021637-00015_1.jpg,100,62,1691,28,1724,2812,100,2840,SINGLE
big_kanji_dataset/200021637/images/200021637-00006_2.jpg,78,33,1709,54,1721,2825,76,2809,SINGLE
big_kanji_dataset/200021637/images/200021637-00014_2.jpg,73,47,1721,28,1795,2795,143,2826,SINGLE
big_kanji_dataset/200021637/images/200021637-00019_1.jpg,85,54,1691,45,1693,2827,66,2839,SINGLE
big_kanji_dataset/200021637/images/200021637-00001.jpg,43,49,2586,43,2595,3710,43,3692,SINGLE
big_kanji_dataset/200021637/images/200021637-00010_1.jpg,133,26,1713,30,1685,2808,73,2810,SINGLE
big_kanji_dataset/200021637/images/200021637-00005_1.jpg,100,33,1698,50,1674,2818,62,2825,SINGLE
big_kanji_dataset/200021637/images/200021637-00002.jpg,45,53,1870,48,1887,2848,62,2848,SINGLE
big_kanji_dataset/200021925/images/200021925-00004_2.jpg,53,30,2594,19,2557,1901,53,1903,SINGLE
big_kanji_dataset/200021925/images/200021925-00023_1.jpg,16,40,2595,27,2585,1896,56,1914,SINGLE
big_kanji_dataset/200021925/images/200021925-00014_2.jpg,94,45,2637,39,2612,1906,83,1903,SINGLE
big_kanji_dataset/200021925/images/200021925-00005_1.jpg,103,52,2574,32,2561,1880,135,1943,SINGLE
big_kanji_dataset/200021925/images/200021925-00013_1.jpg,109,31,2572,56,2560,1912,76,1912,SINGLE
big_kanji_dataset/200021925/images/200021925-00019_2.jpg,67,47,2622,64,2561,1932,60,1901,SINGLE
big_kanji_dataset/200021925/images/200021925-00024.jpg,67,49,2864,89,2832,1954,33,1917,SINGLE
big_kanji_dataset/200021925/images/200021925-00017_2.jpg,100,41,2646,62,2588,1930,70,1894,SINGLE
big_kanji_dataset/200021925/images/200021925-00007_2.jpg,94,37,2598,52,2598,1929,68,1891,SINGLE
big_kanji_dataset/200021925/images/200021925-00023_2.jpg,31,54,2595,50,2557,1927,34,1923,SINGLE
big_kanji_dataset/200021853/images/200021853-00017_1.jpg,132,32,1304,26,1304,2572,143,2576,SINGLE
big_kanji_dataset/200021853/images/200021853-00005_2.jpg,44,39,1221,48,1207,2585,48,2589,SINGLE
big_kanji_dataset/200021853/images/200021853-00021_1.jpg,99,34,1273,26,1283,2570,115,2559,SINGLE
big_kanji_dataset/200021853/images/200021853-00018_1.jpg,170,34,1350,41,1326,2579,165,2570,SINGLE
big_kanji_dataset/200021853/images/200021853-00028_1.jpg,82,41,1248,37,1255,2582,87,2580,SINGLE
big_kanji_dataset/200021853/images/200021853-00025_2.jpg,50,28,1245,43,1267,2578,100,2596,SINGLE
big_kanji_dataset/200021853/images/200021853-00003_2.jpg,103,41,1252,55,1212,2577,88,2540,SINGLE
big_kanji_dataset/200021853/images/200021853-00037_1.jpg,159,28,1303,30,1347,2577,174,2579,SINGLE
big_kanji_dataset/200021853/images/200021853-00010_2.jpg,43,35,1213,39,1213,2577,43,2584,SINGLE
big_kanji_dataset/200021853/images/200021853-00024_1.jpg,86,41,1249,32,1277,2570,108,2574,SINGLE
big_kanji_dataset/200022050/images/200022050-00002_2.jpg,94,62,2344,44,2344,3469,74,3458,SINGLE
big_kanji_dataset/200022050/images/200022050-00012_1.jpg,94,47,2355,55,2396,3426,182,3473,SINGLE
big_kanji_dataset/200022050/images/200022050-00015_2.jpg,563,474,2353,89,2387,3535,924,3551,SINGLE
big_kanji_dataset/200022050/images/200022050-00003_2.jpg,65,91,2371,41,2356,3468,112,3479,SINGLE
big_kanji_dataset/200022050/images/200022050-00010_2.jpg,55,85,2366,46,2314,3468,85,3450,SINGLE
big_kanji_dataset/200022050/images/200022050-00007_2.jpg,59,118,2379,47,2385,3471,139,3509,SINGLE
big_kanji_dataset/200022050/images/200022050-00011_1.jpg,200,32,2456,80,2432,3466,212,3460,SINGLE
big_kanji_dataset/200022050/images/200022050-00002_1.jpg,141,35,2375,135,2336,3459,79,3468,SINGLE
big_kanji_dataset/200022050/images/200022050-00004_1.jpg,86,23,2359,110,2314,3501,53,3474,SINGLE
big_kanji_dataset/200022050/images/200022050-00011_2.jpg,88,94,2360,41,2357,3463,115,3472,SINGLE
big_kanji_dataset/200021712/images/200021712-00059_1.jpg,159,175,1950,191,1917,3770,100,3766,SINGLE
big_kanji_dataset/200021712/images/200021712-00006_1.jpg,87,169,1914,214,1940,3714,68,3734,SINGLE
big_kanji_dataset/200021712/images/200021712-00050_2.jpg,289,198,2164,182,2171,3724,299,3724,SINGLE
big_kanji_dataset/200021712/images/200021712-00016_1.jpg,149,214,1969,237,1959,3783,136,3789,SINGLE
big_kanji_dataset/200021712/images/200021712-00051_1.jpg,120,162,1901,169,1878,3773,74,3760,SINGLE
big_kanji_dataset/200021712/images/200021712-00023_1.jpg,175,126,1907,149,1894,3701,113,3698,SINGLE
big_kanji_dataset/200021712/images/200021712-00080_1.jpg,172,136,1920,159,1891,3711,84,3705,SINGLE
big_kanji_dataset/200021712/images/200021712-00068_1.jpg,139,136,1920,146,1904,3708,71,3698,SINGLE
big_kanji_dataset/200021712/images/200021712-00029_2.jpg,260,195,2102,185,2099,3721,266,3747,SINGLE
big_kanji_dataset/200021712/images/200021712-00079_2.jpg,247,136,2141,169,2138,3695,273,3698,SINGLE
big_kanji_dataset/200021802/images/200021802-00014_2.jpg,311,179,2860,110,2951,4246,385,4312,SINGLE
big_kanji_dataset/200021802/images/200021802-00018_1.jpg,121,124,2585,161,2559,4326,33,4279,SINGLE
big_kanji_dataset/200021802/images/200021802-00009_2.jpg,311,187,2874,143,2926,4279,330,4315,SINGLE
big_kanji_dataset/200021802/images/200021802-00052_2.jpg,370,124,2926,117,2926,4290,370,4246,SINGLE
big_kanji_dataset/200021802/images/200021802-00044_1.jpg,69,124,2621,154,2621,4301,58,4301,SINGLE
big_kanji_dataset/200021802/images/200021802-00036_1.jpg,110,132,2625,165,2625,4334,55,4293,SINGLE
big_kanji_dataset/200021802/images/200021802-00010_2.jpg,355,165,2900,139,2926,4279,330,4293,SINGLE
big_kanji_dataset/200021802/images/200021802-00043_1.jpg,88,113,2632,143,2636,4312,66,4301,SINGLE
big_kanji_dataset/200021802/images/200021802-00047_1.jpg,99,135,2658,161,2654,4319,80,4301,SINGLE
big_kanji_dataset/200021802/images/200021802-00030_1.jpg,66,128,2530,165,2541,4323,55,4301,SINGLE
big_kanji_dataset/200021660/images/200021660-00027_1.jpg,194,215,2750,226,2729,4174,194,4135,SINGLE
big_kanji_dataset/200021660/images/200021660-00075_1.jpg,266,164,2731,157,2721,4081,248,4067,SINGLE
big_kanji_dataset/200021660/images/200021660-00093_1.jpg,218,163,2774,166,2736,4076,232,4059,SINGLE
big_kanji_dataset/200021660/images/200021660-00006_1.jpg,128,203,2688,206,2656,4107,131,4122,SINGLE
big_kanji_dataset/200021660/images/200021660-00015_2.jpg,157,157,2770,136,2724,4038,157,4080,SINGLE
big_kanji_dataset/200021660/images/200021660-00083_1.jpg,107,236,2631,208,2663,4128,154,4128,SINGLE
big_kanji_dataset/200021660/images/200021660-00091_1.jpg,185,178,2727,160,2730,4080,216,4077,SINGLE
big_kanji_dataset/200021660/images/200021660-00081_1.jpg,93,233,2603,229,2596,4155,107,4134,SINGLE
big_kanji_dataset/200021660/images/200021660-00039_2.jpg,182,196,2695,204,2687,4108,157,4123,SINGLE
big_kanji_dataset/200021660/images/200021660-00070_1.jpg,201,179,2743,144,2761,4087,253,4112,SINGLE
big_kanji_dataset/brsk00000/images/brsk003-019.jpg,279,194,2587,194,2587,3763,273,3760,SINGLE
big_kanji_dataset/brsk00000/images/brsk004-031.jpg,290,223,2546,227,2557,3790,247,3783,SINGLE
big_kanji_dataset/brsk00000/images/brsk003-021.jpg,293,190,2587,194,2594,3766,296,3736,SINGLE
big_kanji_dataset/brsk00000/images/brsk005-012.jpg,42,177,2247,200,2253,3769,3,3759,SINGLE
big_kanji_dataset/brsk00000/images/brsk003-016.jpg,46,179,2271,202,2298,3751,3,3771,SINGLE
big_kanji_dataset/brsk00000/images/brsk003-040.jpg,23,200,2304,217,2324,3779,0,3783,SINGLE
big_kanji_dataset/brsk00000/images/brsk002-038.jpg,6,171,2236,197,2249,3769,3,3762,SINGLE
big_kanji_dataset/brsk00000/images/brsk003-015.jpg,296,207,2581,197,2581,3763,289,3766,SINGLE
big_kanji_dataset/brsk00000/images/brsk001-026.jpg,3,192,2262,199,2301,3758,6,3767,SINGLE
big_kanji_dataset/brsk00000/images/brsk005-019.jpg,206,180,2506,186,2492,3747,176,3741,SINGLE
big_kanji_dataset/200021851/images/200021851_00013_1.jpg,92,195,2101,187,2093,3048,67,3081,SINGLE
big_kanji_dataset/200021851/images/200021851_00018_1.jpg,92,215,2069,190,2069,3039,95,3110,SINGLE
big_kanji_dataset/200021851/images/200021851_00030_1.jpg,178,160,2271,134,2263,3002,249,3039,SINGLE
big_kanji_dataset/200021851/images/200021851_00027_1.jpg,234,164,2334,210,2318,3064,253,3055,SINGLE
big_kanji_dataset/200021851/images/200021851_00003_1.jpg,189,127,2322,149,2311,3057,125,3049,SINGLE
big_kanji_dataset/200021851/images/200021851_00027_2.jpg,255,213,2359,224,2323,3113,274,3091,SINGLE
big_kanji_dataset/200021851/images/200021851_00024_2.jpg,165,162,2185,175,2209,3038,175,3035,SINGLE
big_kanji_dataset/200021851/images/200021851_00012_2.jpg,169,163,2228,185,2231,3055,177,3017,SINGLE
big_kanji_dataset/200021851/images/200021851_00004_1.jpg,115,250,2206,261,2217,3107,121,3132,SINGLE
big_kanji_dataset/200021851/images/200021851_00031.jpg,202,214,2557,197,2590,3094,250,3127,SINGLE
big_kanji_dataset/200003076/images/200003076_00054_1.jpg,226,160,2219,141,2192,3134,223,3099,SINGLE
big_kanji_dataset/200003076/images/200003076_00064_1.jpg,219,183,2203,166,2176,3171,208,3121,SINGLE
big_kanji_dataset/200003076/images/200003076_00015_1.jpg,198,106,2172,83,2211,3062,203,3043,SINGLE
big_kanji_dataset/200003076/images/200003076_00011_2.jpg,120,91,2149,117,2123,3035,94,3048,SINGLE
big_kanji_dataset/200003076/images/200003076_00075_1.jpg,220,182,2186,157,2164,3172,204,3122,SINGLE
big_kanji_dataset/200003076/images/200003076_00021_1.jpg,246,116,2240,122,2248,3092,238,3054,SINGLE
big_kanji_dataset/200003076/images/200003076_00047_2.jpg,220,95,2243,146,2233,3059,212,3086,SINGLE
big_kanji_dataset/200003076/images/200003076_00063_1.jpg,239,181,2219,176,2183,3175,212,3120,SINGLE
big_kanji_dataset/200003076/images/200003076_00146_1.jpg,136,128,2157,76,2173,3075,168,3043,SINGLE
big_kanji_dataset/200003076/images/200003076_00125_2.jpg,206,68,2209,99,2220,3016,243,3071,SINGLE
