big_kanji_dataset/200014740/images/200014740-00064_1.jpg,317,154,2168,105,2181,2971,326,2976
big_kanji_dataset/200014740/images/200014740-00003_1.jpg,270,121,2117,104,2130,2941,287,2941
big_kanji_dataset/200014740/images/200014740-00030_1.jpg,282,136,2116,110,2112,2959,269,2963
big_kanji_dataset/200014740/images/200014740-00042_2.jpg,171,114,2005,132,2014,2966,158,2962
big_kanji_dataset/200014740/images/200014740-00025_2.jpg,168,115,2035,146,2026,2968,168,2973
big_kanji_dataset/200014740/images/200014740-00077_2.jpg,166,109,2020,140,2011,2962,144,2949
big_kanji_dataset/200014740/images/200014740-00037_1.jpg,273,149,2099,105,2095,2982,273,2968
big_kanji_dataset/200014740/images/200014740-00072_1.jpg,339,141,2168,110,2150,2966,321,2974
big_kanji_dataset/200014740/images/200014740-00067_2.jpg,171,105,2024,141,2010,2967,176,2963
big_kanji_dataset/200014740/images/200014740-00050_2.jpg,121,91,1971,130,1967,2955,104,2933
big_kanji_dataset/hnsd008/images/hnsd008-013.jpg,179,49,1829,32,1870,2830,175,2793
big_kanji_dataset/brsk005/images/brsk005-012.jpg,39,169,2253,203,2265,3778,5,3761
big_kanji_dataset/brsk005/images/brsk005-019.jpg,202,174,2459,174,2465,3751,151,3734
big_kanji_dataset/200021925/images/200021925-00014_2.jpg,84,39,2643,30,2606,1911,64,1903
big_kanji_dataset/200021925/images/200021925-00007_2.jpg,86,44,2595,44,2598,1928,58,1894
big_kanji_dataset/200021925/images/200021925-00019_2.jpg,61,47,2628,59,2557,1932,36,1907
big_kanji_dataset/200021925/images/200021925-00024.jpg,56,45,2864,90,2832,1963,34,1917
big_kanji_dataset/200021925/images/200021925-00017_2.jpg,101,33,2646,56,2584,1946,59,1898
big_kanji_dataset/200021925/images/200021925-00005_1.jpg,81,50,2574,33,2560,1879,121,1941
big_kanji_dataset/200021925/images/200021925-00023_2.jpg,28,53,2594,36,2557,1928,25,1917
big_kanji_dataset/200021925/images/200021925-00004_2.jpg,41,19,2606,11,2545,1899,33,1899
big_kanji_dataset/200021925/images/200021925-00023_1.jpg,11,39,2593,22,2599,1897,52,1919
big_kanji_dataset/200021925/images/200021925-00013_1.jpg,102,28,2569,54,2566,1919,71,1922
big_kanji_dataset/200022050/images/200022050-00011_2.jpg,55,96,2356,35,2336,3464,96,3479
big_kanji_dataset/200022050/images/200022050-00004_1.jpg,81,35,2376,107,2320,3508,30,3483
big_kanji_dataset/200022050/images/200022050-00015_2.jpg,95,110,2386,79,2423,3579,116,3579
big_kanji_dataset/200022050/images/200022050-00010_2.jpg,35,55,2376,30,2320,3473,40,3453
big_kanji_dataset/200022050/images/200022050-00012_1.jpg,85,40,2404,40,2414,3433,161,3478
big_kanji_dataset/200022050/images/200022050-00011_1.jpg,169,35,2479,71,2412,3493,174,3478
big_kanji_dataset/200022050/images/200022050-00007_2.jpg,55,111,2394,50,2389,3469,106,3510
big_kanji_dataset/200022050/images/200022050-00003_2.jpg,45,86,2367,30,2367,3461,81,3466
big_kanji_dataset/200022050/images/200022050-00002_1.jpg,126,45,2414,111,2333,3460,80,3475
big_kanji_dataset/200022050/images/200022050-00002_2.jpg,76,40,2427,35,2371,3480,50,3460
big_kanji_dataset/200021763/images/200021763-00036_1.jpg,31,113,2541,37,2566,4382,31,4338
big_kanji_dataset/200021763/images/200021763-00003_2.jpg,217,38,2735,134,2735,4371,115,4403
big_kanji_dataset/200021763/images/200021763-00027_1.jpg,75,94,2526,31,2557,4387,56,4337
big_kanji_dataset/200021763/images/200021763-00030_1.jpg,50,113,2494,44,2564,4400,50,4362
big_kanji_dataset/200021763/images/200021763-00005_1.jpg,50,88,2603,50,2634,4345,37,4326
big_kanji_dataset/200021763/images/200021763-00002_1.jpg,70,57,2661,70,2725,4321,95,4359
big_kanji_dataset/200021763/images/200021763-00045_2.jpg,151,25,2654,113,2654,4338,63,4363
big_kanji_dataset/200021763/images/200021763-00003_1.jpg,82,101,2655,69,2680,4369,63,4343
big_kanji_dataset/200021763/images/200021763-00040_2.jpg,187,25,2705,106,2680,4340,75,4346
big_kanji_dataset/200021763/images/200021763-00023_2.jpg,144,31,2651,75,2669,4313,113,4363
big_kanji_dataset/200021660/images/200021660-00039_2.jpg,177,184,2699,196,2699,4117,159,4117
big_kanji_dataset/200021660/images/200021660-00006_1.jpg,128,195,2738,189,2665,4095,110,4101
big_kanji_dataset/200021660/images/200021660-00027_1.jpg,184,197,2749,215,2743,4167,191,4130
big_kanji_dataset/200021660/images/200021660-00083_1.jpg,98,227,2652,190,2664,4135,135,4098
big_kanji_dataset/200021660/images/200021660-00091_1.jpg,173,143,2751,143,2733,4088,197,4058
big_kanji_dataset/200021660/images/200021660-00081_1.jpg,86,209,2641,227,2598,4156,80,4119
big_kanji_dataset/200021660/images/200021660-00075_1.jpg,258,162,2765,162,2735,4081,228,4039
big_kanji_dataset/200021660/images/200021660-00093_1.jpg,214,142,2797,136,2779,4065,214,4053
big_kanji_dataset/200021660/images/200021660-00015_2.jpg,150,144,2773,144,2719,4046,138,4070
big_kanji_dataset/200021660/images/200021660-00070_1.jpg,205,151,2756,139,2762,4086,229,4098
big_kanji_dataset/brsk002/images/brsk002-038.jpg,5,169,2255,191,2261,3772,5,3766
big_kanji_dataset/hnsd003/images/hnsd003-029.jpg,82,82,1825,32,1804,2838,94,2818
big_kanji_dataset/hnsd003/images/hnsd003-023.jpg,78,82,1817,37,1788,2847,70,2819
big_kanji_dataset/hnsd002/images/hnsd002-002.jpg,25,92,1700,67,1704,2855,12,2884
big_kanji_dataset/hnsd002/images/hnsd002-039.jpg,156,45,1827,36,1823,2829,127,2788
big_kanji_dataset/hnsd001/images/hnsd001-009.jpg,70,37,1746,57,1758,2852,41,2819
big_kanji_dataset/hnsd001/images/hnsd001-003.jpg,74,45,1760,57,1735,2841,24,2829
big_kanji_dataset/hnsd006/images/hnsd006-032.jpg,16,45,1720,83,1670,2828,16,2841
big_kanji_dataset/200021869/images/200021869-00003_2.jpg,91,34,2118,74,2071,3012,39,2977
big_kanji_dataset/200021869/images/200021869-00017_1.jpg,116,89,2142,107,2137,3040,139,3058
big_kanji_dataset/200021869/images/200021869-00014_1.jpg,148,52,2129,34,2133,2984,152,3001
big_kanji_dataset/200021869/images/200021869-00013_1.jpg,104,26,2091,13,2069,2977,109,2981
big_kanji_dataset/200021869/images/200021869-00018_2.jpg,54,121,2065,67,2110,3055,90,3082
big_kanji_dataset/200021869/images/200021869-00015_1.jpg,43,65,2053,74,2044,3016,52,3025
big_kanji_dataset/200021869/images/200021869-00002.jpg,70,48,2242,57,2255,2993,52,3006
big_kanji_dataset/200021869/images/200021869-00005_2.jpg,91,30,2101,35,2101,2993,91,2972
big_kanji_dataset/200021869/images/200021869-00006_2.jpg,70,39,2076,35,2080,2982,74,2969
big_kanji_dataset/200021869/images/200021869-00008_1.jpg,86,47,2046,13,2072,2978,108,3000
big_kanji_dataset/200003076/images/200003076_00064_1.jpg,209,181,2196,161,2177,3177,200,3115
big_kanji_dataset/200003076/images/200003076_00063_1.jpg,226,184,2221,165,2178,3185,198,3114
big_kanji_dataset/200003076/images/200003076_00021_1.jpg,245,122,2234,122,2247,3089,227,3057
big_kanji_dataset/200003076/images/200003076_00075_1.jpg,212,189,2191,156,2167,3166,194,3114
big_kanji_dataset/200003076/images/200003076_00146_1.jpg,130,130,2162,76,2167,3077,166,3059
big_kanji_dataset/200003076/images/200003076_00015_1.jpg,183,107,2186,84,2213,3058,183,3036
big_kanji_dataset/200003076/images/200003076_00125_2.jpg,197,71,2212,98,2221,3020,224,3061
big_kanji_dataset/200003076/images/200003076_00011_2.jpg,107,89,2152,107,2116,3042,89,3042
big_kanji_dataset/200003076/images/200003076_00054_1.jpg,228,158,2217,140,2194,3141,219,3104
big_kanji_dataset/200003076/images/200003076_00047_2.jpg,218,100,2237,141,2237,3071,205,3085
big_kanji_dataset/200021802/images/200021802-00036_1.jpg,113,100,2652,150,2627,4337,37,4274
big_kanji_dataset/200021802/images/200021802-00043_1.jpg,88,94,2665,132,2646,4293,62,4286
big_kanji_dataset/200021802/images/200021802-00018_1.jpg,144,100,2614,163,2545,4305,25,4236
big_kanji_dataset/200021802/images/200021802-00014_2.jpg,308,150,2872,119,2948,4255,370,4312
big_kanji_dataset/200021802/images/200021802-00009_2.jpg,314,169,2878,138,2935,4274,320,4312
big_kanji_dataset/200021802/images/200021802-00030_1.jpg,69,113,2552,150,2558,4305,18,4261
big_kanji_dataset/200021802/images/200021802-00010_2.jpg,333,144,2910,125,2929,4293,314,4305
big_kanji_dataset/200021802/images/200021802-00052_2.jpg,345,132,2948,100,2941,4274,358,4242
big_kanji_dataset/200021802/images/200021802-00044_1.jpg,75,106,2633,138,2658,4299,37,4280
big_kanji_dataset/200021802/images/200021802-00047_1.jpg,88,106,2696,150,2671,4305,62,4293
big_kanji_dataset/200021712/images/200021712-00051_1.jpg,122,161,1899,167,1899,3755,66,3755
big_kanji_dataset/200021712/images/200021712-00080_1.jpg,178,139,1950,161,1911,3710,66,3693
big_kanji_dataset/200021712/images/200021712-00016_1.jpg,133,217,1972,228,1961,3783,128,3788
big_kanji_dataset/200021712/images/200021712-00006_1.jpg,72,167,1933,200,1944,3721,61,3738
big_kanji_dataset/200021712/images/200021712-00029_2.jpg,239,183,2106,183,2100,3727,267,3749
big_kanji_dataset/200021712/images/200021712-00068_1.jpg,122,150,1922,144,1922,3705,72,3699
big_kanji_dataset/200021712/images/200021712-00023_1.jpg,156,139,1899,144,1916,3705,105,3688
big_kanji_dataset/200021712/images/200021712-00079_2.jpg,222,161,2122,156,2133,3710,239,3699
big_kanji_dataset/200021712/images/200021712-00050_2.jpg,273,189,2167,172,2172,3727,284,3716
big_kanji_dataset/200021712/images/200021712-00059_1.jpg,156,167,1938,178,1927,3771,94,3771
big_kanji_dataset/brsk003/images/brsk003-019.jpg,248,191,2551,191,2562,3759,265,3753
big_kanji_dataset/brsk003/images/brsk003-021.jpg,259,186,2556,180,2551,3747,242,3759
big_kanji_dataset/brsk003/images/brsk003-040.jpg,16,191,2308,214,2348,3798,0,3781
big_kanji_dataset/brsk003/images/brsk003-015.jpg,293,203,2517,197,2534,3753,259,3736
big_kanji_dataset/brsk003/images/brsk003-016.jpg,45,181,2285,187,2297,3746,5,3763
big_kanji_dataset/200021853/images/200021853-00024_1.jpg,78,33,1258,26,1281,2566,104,2592
big_kanji_dataset/200021853/images/200021853-00028_1.jpg,71,37,1261,37,1265,2582,74,2590
big_kanji_dataset/200021853/images/200021853-00005_2.jpg,33,41,1225,41,1218,2590,33,2594
big_kanji_dataset/200021853/images/200021853-00003_2.jpg,79,37,1262,64,1228,2600,41,2593
big_kanji_dataset/200021853/images/200021853-00037_1.jpg,149,41,1317,33,1347,2587,168,2583
big_kanji_dataset/200021853/images/200021853-00021_1.jpg,100,29,1281,22,1284,2562,111,2573
big_kanji_dataset/200021853/images/200021853-00018_1.jpg,157,29,1354,33,1331,2589,153,2581
big_kanji_dataset/200021853/images/200021853-00010_2.jpg,37,30,1216,37,1231,2575,26,2582
big_kanji_dataset/200021853/images/200021853-00017_1.jpg,126,33,1303,22,1307,2576,134,2584
big_kanji_dataset/200021853/images/200021853-00025_2.jpg,41,18,1245,30,1272,2578,75,2581
big_kanji_dataset/200021637/images/200021637-00002.jpg,41,45,1871,41,1908,2841,62,2858
big_kanji_dataset/200021637/images/200021637-00005_1.jpg,90,32,1706,49,1685,2813,41,2829
big_kanji_dataset/200021637/images/200021637-00015_1.jpg,94,61,1703,20,1736,2817,86,2846
big_kanji_dataset/200021637/images/200021637-00014_1.jpg,82,66,1689,45,1664,2833,37,2849
big_kanji_dataset/200021637/images/200021637-00001.jpg,37,48,2590,42,2590,3712,37,3690
big_kanji_dataset/200021637/images/200021637-00014_2.jpg,69,36,1721,24,1790,2796,130,2829
big_kanji_dataset/200021637/images/200021637-00019_1.jpg,77,69,1697,40,1697,2822,53,2834
big_kanji_dataset/200021637/images/200021637-00006_2.jpg,73,24,1713,40,1713,2823,57,2799
big_kanji_dataset/200021637/images/200021637-00011_1.jpg,101,53,1687,20,1700,2813,73,2821
big_kanji_dataset/200021637/images/200021637-00010_1.jpg,122,28,1717,24,1689,2819,61,2815
big_kanji_dataset/brsk004/images/brsk004-031.jpg,246,223,2538,229,2538,3804,234,3781
big_kanji_dataset/hnsd009/images/hnsd009-018.jpg,0,12,1658,4,1670,2780,4,2808
big_kanji_dataset/200021851/images/200021851_00003_1.jpg,196,141,2319,146,2305,3059,127,3045
big_kanji_dataset/200021851/images/200021851_00013_1.jpg,88,200,2094,186,2099,3067,60,3085
big_kanji_dataset/200021851/images/200021851_00030_1.jpg,171,153,2316,121,2334,3015,238,3037
big_kanji_dataset/200021851/images/200021851_00027_2.jpg,247,213,2371,213,2324,3113,251,3098
big_kanji_dataset/200021851/images/200021851_00027_1.jpg,230,161,2377,170,2321,3064,249,3064
big_kanji_dataset/200021851/images/200021851_00018_1.jpg,79,219,2077,186,2086,3062,88,3104
big_kanji_dataset/200021851/images/200021851_00012_2.jpg,165,161,2236,174,2218,3056,156,3033
big_kanji_dataset/200021851/images/200021851_00024_2.jpg,155,155,2183,173,2215,3047,141,3028
big_kanji_dataset/200021851/images/200021851_00031.jpg,195,209,2573,200,2587,3116,228,3131
big_kanji_dataset/200021851/images/200021851_00004_1.jpg,85,259,2229,221,2229,3102,113,3135
big_kanji_dataset/hnsd004/images/hnsd004-039.jpg,160,37,1803,28,1811,2828,135,2807
big_kanji_dataset/brsk001/images/brsk001-026.jpg,0,184,2272,195,2306,3750,5,3778
